8054872
8054888
8054930
8054939
8054941
8054943
8054945
8054967
8054978
8054995
8054997
8055016
8055021
8055038
8055060
8055085
8055087
8055089
8055096
8055104
8055130
8055135
8055137
8055139
8055143
8055151
8055153
8055171
8055173
8055183
8055194
8055198
8055200
8055202
8055204
8055206
8055208
8055214
8055220
8055222
8055234
8055236
8055239
8055247
8055249
8055261
8055263
8055265
8055267
8055269
8055271
8055273
8055275
8055277
8055279
8055281
8055284
8055287
8055291
8055294
8055297
8055303
8055305
8055309
8055312
8055314
8055323
8055348
8055350
8055361
8055377
8055402
8055404
8055406
8055424
8055426
8055445
8055465
8055474
8055476
8055478
8055482
8055484
8055486
8055488
8055490
8055492
8055494
8055496
8055590
8055592
8055594
8055596
8055598
8055600
8055602
8055604
8055606
8055624
8055639
8055641
8055643
8055645
8055664
8055666
8055668
8055670
8055672
8055680
8055682
8055688
8055697
8055702
8055711
8055862
8055872
8055890
8055909
8055911
8055913
8055941
8055946
8055948
8055950
8055952
8055965
8055967
8055969
8055978
8055980
8055992
8056005
8056020
8056022
8056039
8056041
8056043
8056045
8056047
8056060
8056100
8056102
8056113
8056151
8056184
8056201
8056206
8056215
8056217
8056220
8056222
8056250
8056257
8056285
8056303
8056323
8056327
8056343
8056359
8056361
8056363
8056376
8056408
8056426
8056457
8056489
8056491
8056518
8056545
8056566
8056568
8056570
8056572
8056583
8056611
8056693
8056710
8056716
8056726
8056728
8056730
8056734
8056753
8056763
8056766
8056784
8056790
8056792
8056794
8056798
8056810
8056812
8056821
8056823
8056825
8056829
8056837
8056860
8056877
8056890
8056909
8056930
8056943
8056959
8056963
8056966
8056968
8056972
8056975
8056977
8056983
8056993
8056995
8056999
8057004
8057032
8057034
8057045
8057056
8057377
8057394
8057416
8057418
8057439
8057441
8057463
8057480
8057486
8057506
8057517
8057554
8057557
8057559
8057561
8057563
8057574
8057576
8057578
8057599
8057613
8057615
8057620
8057677
8057689
8057700
8057711
8057713
8057719
8057732
8057736
8057742
8057744
8057771
8057797
8057803
8057817
8057819
8057821
8057887
8057898
8057929
8057931
8057933
8057954
8057959
8057990
8058024
8058052
8058063
8058075
8058091
8058104
8058106
8058108
8058118
8058127
8058145
8058147
8058159
8058161
8058182
8058195
8058197
8058199
8058201
8058203
8058221
8058238
8058256
8058258
8058273
8058295
8058333
8058335
8058340
8058342
8058344
8058346
8058348
8058350
8058373
8058386
8058388
8058390
8058411
8058415
8058428
8058450
8058456
8058458
8058460
8058462
8058477
8058486
8058496
8058498
8058509
8058512
8058514
8058516
8058518
8058520
8058524
8058530
8058535
8058542
8058552
8058566
8058568
8058570
8058591
8058604
8058614
8058627
8058658
8058660
8058662
8058664
8058666
8058668
8058670
8058693
8058695
8058708
8058765
8058824
8058837
8058849
8058855
8058857
8058866
8058869
8058905
8058912
8058914
8058927
8058940
8058969
8058971
8058973
8058985
8058997
8059012
8059014
8059019
8059026
8059028
8059067
8059071
8059081
8059097
8059111
8059139
8059158
8059177
8059186
8059211
8059213
8059222
8059244
8059249
8059275
8059277
8059279
8059301
8059319
8059339
8059341
8059343
8059345
8059350
8059361
8059376
8059387
8059393
8059413
8059470
8059475
8059477
8059525
8059532
8059538
8059549
8059551
8059565
8059576
8059578
8059580
8059596
8059642
8059648
8059650
8059672
8059674
8059680
8059687
8059689
8059708
8059710
8059712
8059714
8059716
8059720
8059729
8059731
8059739
8059744
8059748
8059770
8059776
8059783
8059799
8059801
8059832
8059838
8059852
8059854
8059862
8059864
8059868
8059876
8059878
8059900
8059902
8059905
8059949
8059951
8059953
8059955
8059965
8059969
8059985
8059989
8059996
8060020
8060030
8060061
8060063
8060080
8060082
8060084
8060086
8060094
8060101
8060103
8060126
8060134
8060187
8060196
8060205
8060225
8060255
8060257
8060274
8060286
8060294
8060303
8060308
8060314
8060320
8060325
8060330
8060334
8060339
8060344
8060353
8060368
8060370
8060379
8060395
8060400
8060416
8060418
8060427
8060432
8060447
8060461
8060484
8060501
8060503
8060505
8060526
8060528
8060533
8060539
8060594
8060599
8060604
8060609
8060611
8060625
8060627
8060660
8060675
8060698
8060705
8060722
8060734
8060736
8060738
8060741
8060745
8060758
8060765
8060772
8060790
8060792
8060796
8060803
8060805
8060813
8060835
8060837
8060839
8060850
8060854
8060893
8060895
8060897
8060940
8060947
8060949
8060963
8060977
8060986
8060988
8060997
8061013
8061019
8061035
8061064
8061066
8061068
8061073
8061075
8061082
8061092
8061094
8061112
8061114
8061122
8061127
8061129
8061136
8061138
8061154
8061165
8061167
8061169
8061171
8061184
8061186
8061211
8061222
8061224
8061227
8061247
8061262
8061272
8061303
8061305
8061324
8061357
8061364
8061366
8061368
8061373
8061382
8061389
8061396
8061402
8061404
8061406
8061414
8061416
8061426
8061428
8061445
8061447
8061471
8061481
8061483
8061490
8061497
8061504
8061507
8061509
8061517
8061519
8061529
8061539
8061542
8061562
8061564
8061572
8061579
8061605
8061620
8061645
8061647
8061653
8061666
8061668
8061685
8061706
8061715
8061725
8061742
8061746
8061772
8061780
8061799
8061815
8061831
8061847
8061859
8061869
8061881
8061883
8061894
8061912
8061916
8061919
8061940
8061944
8061946
8061958
8061966
8061982
8061986
8062016
8062023
8062034
8062041
8062064
8062108
8062117
8062119
8062123
8062134
8062137
8062174
8062190
8062204
8062206
8062211
8062213
8062235
8062237
8062251
8062284
8062286
8062293
8062312
8062319
8062326
8062337
8062339
8062347
8062349
8062371
8062377
8062395
8062404
8062409
8062427
8062433
8062444
8062461
8062478
8062480
8062490
8062492
8062527
8062532
8062539
8062545
8062555
8062557
8062569
8062571
8062576
8062599
8062601
8062603
8062623
8062658
8062681
8062685
8062687
8062689
8062691
8062693
8062695
8062705
8062728
8062748
8062766
8062782
8062794
8062796
8062813
8062821
8062823
8062842
8062844
8062852
8062862
8062864
8062873
8062880
8062890
8062908
8062927
8062933
8062944
8062948
8062962
8062964
8062971
8062981
8063000
8063011
8063014
8063019
8063024
8063026
8063028
8063043
8063057
8063071
8063074
8063078
8063097
8063115
8063129
8063156
8063171
8063174
8063177
8063185
8063187
8063209
8063211
8063240
8063242
8063283
8063313
8063315
8063337
8063345
8063347
8063349
8063351
8063369
8063380
8063382
8063386
8063389
8063394
8063408
8063410
8063417
8063427
8063433
8063437
8063442
8063444
8063447
8063449
8063453
8063458
8063473
8063476
8063478
8063484
8063497
8063509
8063522
8063524
8063526
8063531
8063534
8063536
8063545
8063547
8063549
8063551
8063566
8063583
8063590
8063601
8063607
8063620
8063634
8063636
8063650
8063668
8063697
8063716
8063723
8063729
8063739
8063755
8063761
8063785
8063793
8063796
8063814
8063835
8063839
8063857
8063869
8063873
8063893
8063903
8063914
8063921
8063923
8063942
8063949
8063955
8063970
8064003
8064007
8064014
8064029
8064031
8064042
8064059
8064098
8064100
8064108
8064111
8064156
8064168
8064175
8064188
8064191
8064203
8064208
8064216
8064218
8064242
8064245
8064261
8064277
8064302
8064319
8064322
8064336
8064351
8064370
8064375
8064382
8064384
8064388
8064394
8064396
8064407
8064415
8064418
8064430
8064432
8064438
8064451
8064462
8064464
8064471
8064485
8064495
8064500
8064502
8064514
8064522
8064539
8064557
8064575
8064581
8064591
8064601
8064613
8064637
8064676
8064686
8064716
8064739
8064751
8064762
8064766
8064779
8064787
8064790
8064808
8064831
8064833
8064842
8064844
8064857
8064859
8064864
8064866
8064868
8064879
8064894
8064900
8064904
8064926
8064928
8064939
8064952
8064967
8064976
8064978
8065009
8065011
8065013
8065016
8065018
8065032
8065045
8065067
8065069
8065071
8065080
8065082
8065084
8065089
8065120
8065122
8065124
8065134
8065136
8065163
8065165
8065185
8065194
8065196
8065198
8065200
8065202
8065230
8065240
8065242
8065244
8065248
8065252
8065254
8065256
8065278
8065280
8065321
8065323
8065325
8065327
8065330
8065332
8065334
8065339
8065344
8065351
8065353
8065359
8065363
8065370
8065372
8065386
8065388
8065392
8065396
8065400
8065403
8065410
8065412
8065416
8065421
8065427
8065433
8065444
8065460
8065469
8065485
8065510
8065515
8065517
8065527
8065537
8065541
8065547
8065550
8065552
8065555
8065563
8065566
8065569
8065576
8065580
8065596
8065603
8065607
8065612
8065630
8065633
8065637
8065652
8065668
8065683
8065693
8065710
8065719
8065730
8065738
8065752
8065756
8065758
8065762
8065776
8065795
8065798
8065817
8065832
8065853
8065855
8065868
8065880
8065889
8065903
8065905
8065911
8065920
8065948
8065963
8065990
8065992
8066009
8066025
8066027
8066029
8066031
8066038
8066051
8066072
8066074
8066091
8066117
8066136
8066161
8066189
8066195
8066198
8066200
8066210
8066212
8066214
8066231
8066247
8066254
8066256
8066258
8066260
8066262
8066264
8066266
8066273
8066275
8066279
8066292
8066294
8066303
8066343
8066345
8066347
8066382
8066384
8066391
8066393
8066402
8066407
8066411
8066417
8066431
8066444
8066451
8066459
8066461
8066475
8066482
8066489
8066493
8066498
8066513
8066521
8066528
8066530
8066536
8066542
8066549
8066557
8066559
8066567
8066569
8066574
8066579
8066590
8066598
8066609
8066612
8066619
8066637
8066641
8066668
8066683
8066697
8066716
8066739
8066745
8066754
8066757
8066776
8066786
8066818
8066820
8066822
8066848
8066889
8066905
8066921
8066925
8066939
8066953
8066960
8066962
8066964
8066981
8066983
8066985
8067007
8067011
8067017
8067029
8067033
8067040
8067055
8067087
8067094
8067111
8067113
8067121
8067125
8067140
8067155
8067157
8067165
8067167
8067178
8067183
8067185
8067197
8067199
8067201
8067203
8067206
8067208
8067221
8067233
8067242
8067248
8067270
8067277
8067279
8067288
8067295
8067303
8067305
8067351
8067358
8067361
8067380
8067382
8067394
8067409
8067495
8067506
8067521
8067530
8067543
8067546
8067551
8067554
8067563
8067585
8067588
8067593
8067602
8067610
8067626
8067652
8067662
8067671
8067680
8067709
8067722
8067727
8067743
8067754
8067756
8067773
8067792
8067798
8067802
8067812
8067818
8067820
8067822
8067825
8067834
8067836
8067839
8067842
8067844
8067858
8067860
8067862
8067864
8067867
8067869
8067877
8067899
8067901
8067903
8067932
8067942
8067944
8067946
8067948
8067950
8067955
8067963
8067965
8067969
8067978
8067981
8067983
8067985
8068006
8068014
8068018
8068020
8068022
8068024
8068039
8068044
8068046
8068052
8068057
8068062
8068083
8068100
8068105
8068120
8068126
8068130
8068136
8068139
8068145
8068151
8068154
8068157
8068161
8068164
8068168
8068180
8068192
8068200
8068202
8068214
8068216
8068218
8068220
8068231
8068235
8068238
8068254
8068266
8068280
8068289
8068305
8068350
8068353
8068361
8068363
8068369
8068375
8068383
8068391
8068393
8068395
8068397
8068399
8068401
8068410
8068413
8068422
8068460
8068478
8068494
8068496
8068510
8068512
8068520
8068522
8068543
8068549
8068551
8068570
8068578
8068583
8068593
8068608
8068610
8068612
8068620
8068633
8068644
8068651
8068660
8068662
8068664
8068671
8068684
8068697
8068713
8068731
8068733
8068735
8068740
8068761
8068786
8068788
8068810
8068833
8068857
8068866
8068883
8068891
8068894
8068898
8068902
8068919
8068938
8068952
8068974
8069003
8069026
8069037
8069057
8069083
8069085
8069122
8069131
8069133
8069135
8069142
8069146
8069148
8069150
8069153
8069156
8069161
8069168
8069174
8069178
8069200
8069206
8069208
8069252
8069269
8069301
8069332
8069340
8069348
8069399
8069444
8069446
8069448
8069450
8069470
8069472
8069487
8069494
8069499
8069503
8069505
8069508
8069511
8069517
8069519
8069521
8069532
8069541
8069553
8069559
8069561
8069563
8069565
8069574
8069582
8069608
8069610
8069612
8069620
8069633
8069644
8069666
8069668
8069676
8069689
8069700
8069711
8069744
8069753
8069764
8069766
8069768
8069770
8069790
8069795
8069800
8069804
8069808
8069811
8069813
8069818
8069822
8069827
8069831
8069836
8069838
8069841
8069845
8069848
8069852
8069855
8069859
8069863
8069868
8069872
8069876
8069880
8069910
8069933
8069943
8069983
8069985
8069987
8069991
8069998
8070010
8070046
8070073
8070081
8070083
8070097
8070102
8070129
8070141
8070160
8070169
8070171
8070173
8070182
8070194
8070213
8070215
8070231
8070233
8070239
8070255
8070257
8070269
8070279
8070286
8070295
8070297
8070315
8070321
8070328
8070330
8070341
8070386
8070389
8070396
8070398
8070411
8070421
8070458
8070467
8070482
8070489
8070503
8070538
8070557
8070563
8070567
8070574
8070579
8070584
8070601
8070603
8070615
8070629
8070632
8070655
8070665
8070681
8070689
8070701
8070708
8070712
8070714
8070716
8070720
8070730
8070744
8070755
8070757
8070771
8070777
8070780
8070782
8070786
8070789
8070791
8070795
8070799
8070811
8070819
8070826
8070847
8070853
8070863
8070867
8070871
8070876
8070891
8070896
8070900
8070905
8070912
8070925
8070930
8070933
8070953
8070961
8070988
8071020
8071036
8071042
8071044
8071049
8071051
8071058
8071061
8071063
8071069
8071084
8071086
8071107
8071119
8071134
8071136
8071147
8071155
8071161
8071168
8071170
8071179
8071185
8071194
8071196
8071202
8071204
8071206
8071212
8071234
8071259
8071268
8071272
8071274
8071276
8071289
8071301
8071312
8071314
8071332
8071339
8071355
8071357
8071361
8071368
8071371
8071373
8071375
8071382
8071390
8071392
8071411
8071414
8071420
8071426
8071434
8071442
8071444
8071466
8071489
8071504
8071516
8071523
8071530
8071532
8071536
8071541
8071543
8071545
8071547
8071554
8071559
8071564
8071566
8071593
8071595
8071597
8071642
8071646
8071649
8071655
8071658
8071662
8071671
8071676
8071691
8071713
8071715
8071717
8071737
8071745
8071758
8071768
8071783
8071801
8071804
8071806
8071809
8071817
8071819
8071823
8071861
8071877
8071881
8071899
8071907
8071920
8071927
8071951
8071953
8071981
8071989
8071997
8072004
8072007
8072009
8072015
8072039
8072088
8072108
8072113
8072122
8072124
8072131
8072133
8072139
8072141
8072143
8072153
8072160
8072170
8072187
8072189
8072206
8072216
8072226
8072229
8072242
8072266
8072272
8072274
8072279
8072302
8072304
8072314
8072316
8072328
8072344
8072346
8072353
8072355
8072358
8072360
8072374
8072382
8072400
8072407
8072411
8072413
8072436
8072454
8072461
8072482
8072484
8072486
8072488
8072494
8072529
8072573
8072575
8072577
8072582
8072584
8072587
8072603
8072605
8072610
8072626
8072636
8072645
8072659
8072678
8072687
8072705
8072710
8072721
8072727
8072729
8072731
8072733
8072735
8072744
8072757
8072775
8072777
8072784
8072796
8072798
8072817
8072825
8072847
8072870
8072876
8072883
8072894
8072924
8072926
8072931
8072941
8072946
8072960
8072962
8072979
8072989
8073007
8073013
8073015
8073022
8073032
8073039
8073056
8073062
8073068
8073072
8073081
8073088
8073096
8073104
8073114
8073129
8073135
8073148
8073152
8073192
8073194
8073207
8073214
8073242
8073259
8073293
8073296
8073309
8073311
8073328
8073330
8073332
8073334
8073341
8073343
8073345
8073379
8073397
8073422
8073430
8073449
8073457
8073470
8073474
8073511
8073513
8073522
8073544
8073546
8073548
8073562
8073573
8073578
8073582
8073585
8073596
8073603
8073605
8073612
8073623
8073631
8073633
8073645
8073662
8073680
8073682
8073698
8073705
8073733
8073743
8073752
8073766
8073775
8073799
8073816
8073822
8073824
8073826
8073842
8073858
8073875
8073890
8073909
8073924
8073929
8073939
8073941
8073943
8073949
8073960
8073962
8073992
8074003
8074020
8074030
8074057
8074059
8074061
8074063
8074070
8074082
8074106
8074108
8074131
8074153
8074157
8074168
8074170
8074192
8074194
8074196
8074201
8074204
8074210
8074212
8074223
8074227
8074237
8074249
8074251
8074261
8074274
8074286
8074307
8074309
8074316
8074330
8074335
8074349
8074364
8074371
8074384
8074388
8074399
8074432
8074458
8074464
8074473
8074481
8074498
8074522
8074541
8074556
8074558
8074565
8074569
8074577
8074591
8074593
8074597
8074606
8074615
8074617
8074632
8074640
8074642
8074644
8074647
8074688
8074695
8074701
8074712
8074714
8074716
8074730
8074734
8074737
8074744
8074746
8074748
8074769
8074771
8074773
8074780
8074789
8074791
8074806
8074817
8074836
8074842
8074845
8074853
8074856
8074867
8074869
8074878
8074880
8074884
8074886
8074888
8074890
8074892
8074897
8074909
8074916
8074925
8074927
8074931
8074934
8074939
8074944
8074956
8074958
8074962
8074969
8074972
8074978
8074980
8074988
8074991
8075005
8075009
8075016
8075024
8075026
8075049
8075052
8075057
8075059
8075061
8075063
8075089
8075106
8075118
8075126
8075130
8075142
8075160
8075162
8075164
8075182
8075190
8075192
8075198
8075200
8075211
8075217
8075239
8075263
8075276
8075285
8075306
8075308
8075310
8075316
8075322
8075332
8075343
8075363
8075365
8075375
8075390
8075401
8075406
8075423
8075430
8075458
8075462
8075468
8075477
8075479
8075481
8075483
8075493
8075505
8075507
8075529
8075542
8075550
8075553
8075555
8075564
8075569
8075585
8075600
8075616
8075633
8075635
8075637
8075657
8075659
8075668
8075673
8075691
8075693
8075695
8075705
8075707
8075709
8075720
8075728
8075776
8075778
8075785
8075798
8075817
8075820
8075828
8075838
8075846
8075850
8075857
8075863
8075865
8075886
8075897
8075906
8075910
8075918
8075921
8075924
8075934
8075956
8075963
8075969
8075971
8075981
8075992
8076002
8076007
8076025
8076046
8076056
8076072
8076077
8076094
8076113
8076128
8076137
8076161
8076169
8076176
8076185
8076193
8076195
8076209
8076219
8076221
8076223
8076225
8076231
8076239
8076241
8076260
8076272
8076292
8076298
8076300
8076302
8076307
8076327
8076329
8076331
8076339
8076344
8076355
8076365
8076374
8076382
8076384
8076387
8076393
8076403
8076415
8076417
8076424
8076431
8076436
8076441
8076449
8076455
8076461
8076463
8076465
8076481
8076493
8076497
8076509
8076511
8076513
8076515
8076533
8076547
8076561
8076563
8076569
8076584
8076586
8076612
8076644
8076655
8076668
8076673
8076677
8076690
8076704
8076732
8076734
8076739
8076744
8076747
8076749
8076754
8076757
8076792
8076813
8076815
8076819
8076826
8076836
8076851
8076865
8076882
8076894
8076909
8076937
8076962
8076978
8076998
8077036
8077042
8077082
8077099
8077103
8077116
8077123
8077160
8077169
8077171
8077185
8077192
8077198
8077204
8077211
8077226
8077238
8077250
8077262
8077270
8077299
8077323
8077351
8077353
8077366
8077370
8077376
8077441
8077450
8077458
8077472
8077490
8077499
8077503
8077511
8077513
8077526
8077528
8077550
8077572
8077595
8077612
8077635
8077652
8077663
8077668
8077688
8077712
8077728
8077731
8077768
8077770
8077777
8077779
8077781
8077786
8077804
8077815
8077817
8077833
8077851
8077858
8077877
8077879
8077899
8077914
8077929
8077931
8077942
8077944
8077958
8077970
8077989
8077993
8078008
8078012
8078014
8078033
8078046
8078066
8078091
8078110
8078134
8078136
8078138
8078147
8078153
8078155
8078173
8078185
8078187
8078196
8078214
8078225
8078227
8078248
8078252
8078260
8078262
8078270
8078272
8078284
8078286
8078300
8078305
8078310
8078312
8078319
8078330
8078350
8078360
8078378
8078380
8078382
8078384
8078386
8078395
8078397
8078405
8078412
8078435
8078442
8078448
8078450
8078461
8078479
8078497
8078527
8078529
8078542
8078544
8078565
8078567
8078569
8078600
8078603
8078605
8078619
8078650
8078663
8078665
8078688
8078690
8078729
8078738
8078759
8078772
8078784
8078805
8078818
8078832
8078834
8078857
8078888
8078896
8078898
8078905
8078916
8078918
8078920
8078933
8078956
8078958
8078960
8078962
8078971
8078984
8078991
8078999
8079005
8079019
8079021
8079037
8079058
8079060
8079074
8079079
8079099
8079107
8079117
8079124
8079131
8079138
8079140
8079149
8079151
8079153
8079163
8079165
8079167
8079170
8079187
8079189
8079198
8079204
8079217
8079224
8079229
8079237
8079274
8079279
8079294
8079305
8079311
8079334
8079346
8079368
8079370
8079375
8079377
8079383
8079392
8079401
8079407
8079415
8079420
8079422
8079426
8079433
8079462
8079517
8079532
8079561
8079563
8079588
8079590
8079598
8079613
8079615
8079628
8079630
8079637
8079662
8079677
8079693
8079707
8079719
8079731
8079733
8079740
8079742
8079744
8079746
8079753
8079759
8079772
8079796
8079839
8079842
8079867
8079869
8079896
8079919
8079931
8079950
8079964
8079966
8079988
8079993
8079999
8080001
8080013
8080028
8080082
8080084
8080093
8080100
8080121
8080128
8080138
8080142
8080144
8080158
8080162
8080168
8080184
8080198
8080212
8080226
8080306
8080320
8080344
8080416
8080419
8080438
8080445
8080466
8080487
8080509
8080511
8080562
8080578
8080617
8080619
8080621
8080640
8080645
8080674
8080676
8080683
8080685
8080714
8080762
8080773
8080781
8080804
8080810
8080847
8080853
8080855
8080863
8080868
8080878
8080894
8080896
8080909
8080911
8080918
8080923
8080926
8080936
8080938
8080956
8080958
8080960
8080962
8080964
8080973
8080980
8080983
8080985
8080987
8080989
8080991
8080994
8080998
8081001
8081028
8081030
8081032
8081034
8081036
8081051
8081053
8081055
8081065
8081067
8081069
8081073
8081079
8081081
8081103
8081105
8081107
8081109
8081111
8081113
8081115
8081128
8081135
8081138
8081158
8081171
8081192
8081194
8081196
8081198
8081200
8081202
8081204
8081206
8081208
8081210
8081212
8081214
8081217
8081219
8081233
8081235
8081241
8081254
8081256
8081277
8081288
8081298
8081316
8081331
8081333
8081335
8081337
8081339
8081341
8081343
8081348
8081354
8081356
8081358
8081362
8081375
8081386
8081405
8081407
8081427
8081429
8081431
8081452
8081454
8081456
8081458
8081460
8081462
8081465
8081488
8081501
8081503
8081537
8081546
8081548
8081564
8081582
8081590
8081612
8081620
8081631
8081645
8081657
8081667
8081676
8081686
8081710
8081740
8081758
8081779
8081786
8081799
8081808
8081810
8081818
8081820
8081822
8081826
8081838
8081853
8081867
8081878
8081880
8081890
8081903
8081925
8081941
8081943
8081945
8081951
8081953
8081959
8081989
8081995
8081997
8082003
8082012
8082035
8082046
8082058
8082066
8082075
8082086
8082100
8082118
8082120
8082133
8082153
8082163
8082165
8082229
8082236
8082238
8082240
8082242
8082244
8082246
8082248
8082250
8082252
8082254
8082261
8082270
8082289
8082298
8082305
8082314
8082347
8082350
8082368
8082380
8082400
8082406
8082408
8082422
8082431
8082442
8082444
8082465
8082473
8082478
8082504
8082517
8082523
8082552
8082560
8082570
8082572
8082574
8082583
8082585
8082597
8082605
8082607
8082643
8082663
8082667
8082673
8082688
8082745
8082750
8082767
8082774
8082786
8082788
8082795
8082797
8082816
8082827
8082846
8082869
8082886
8082905
8082911
8082916
8082926
8082928
8082940
8082965
8082974
8083000
8083011
8083025
8083030
8083032
8083034
8083053
8083061
8083063
8083071
8083075
8083090
8083092
8083094
8083119
8083129
8083136
8083142
8083144
8083146
8083164
8083166
8083183
8083214
8083221
8083223
8083227
8083229
8083233
8083240
8083246
8083260
8083272
8083282
8083301
8083310
8083318
8083320
8083322
8083324
8083333
8083352
8083360
8083407
8083409
8083415
8083422
8083429
8083445
8083447
8083453
8083455
8083457
8083463
8083467
8083469
8083471
8083492
8083494
8083523
8083538
8083546
8083569
8083576
8083590
8083592
8083594
8083599
8083605
8083616
8083630
8083652
8083656
8083673
8083677
8083690
8083704
8083707
8083709
8083737
8083739
8083743
8083745
8083747
8083749
8083757
8083770
8083775
8083777
8083779
8083790
8083792
8083794
8083808
8083814
8083826
8083839
8083848
8083850
8083852
8083854
8083876
8083887
8083893
8083895
8083897
8083901
8083933
8083935
8083937
8083939
8083941
8083968
8083978
8083994
8083996
8083998
8084000
8084002
8084012
8084014
8084016
8084035
8084045
8084064
8084067
8084092
8084100
8084122
8084124
8084126
8084128
8084146
8084165
8084169
8084171
8084173
8084206
8084213
8084215
8084217
8084219
8084232
8084266
8084275
8084284
8084299
8084303
8084323
8084345
8084360
8084382
8084397
8084423
8084439
8084478
8084488
8084496
8084524
8084541
8084589
8084605
8084607
8084627
8084630
8084634
8084648
8084657
8084668
8084679
8084694
8084704
8084708
8084710
8084715
8084717
8084726
8084732
8084737
8084739
8084742
8084755
8084757
8084766
8084788
8084794
8084810
8084812
8084814
8084818
8084832
8084834
8084836
8084838
8084844
8084878
8084880
8084887
8084889
8084891
8084895
8084904
8084912
8084917
8084921
8084923
8084927
8084929
8084941
8084943
8084945
8084947
8084951
8084955
8084963
8084971
8084982
8084986
8085000
8085024
8085026
8085033
8085052
8085054
8085056
8085058
8085060
8085062
8085081
8085094
8085112
8085114
8085116
8085118
8085120
8085122
8085138
8085145
8085164
8085193
8085195
8085206
8085220
8085233
8085244
8085253
8085255
8085263
8085272
8085276
8085283
8085287
8085293
8085300
8085311
8085340
8085350
8085358
8085360
8085370
8085372
8085374
8085393
8085407
8085412
8085429
8085431
8085475
8085481
8085486
8085504
8085529
8085531
8085537
8085554
8085556
8085571
8085579
8085581
8085606
8085608
8085628
8085660
8085665
8085676
8085689
8085714
8085716
8085730
8085732
8085749
8085754
8085768
8085770
8085772
8085774
8085784
8085786
8085788
8085797
8085811
8085813
8085815
8085852
8085867
8085912
8085914
8085946
8085954
8085967
8085970
8085972
8085984
8085999
8086008
8086024
8086028
8086048
8086051
8086057
8086075
8086077
8086120
8086125
8086139
8086141
8086148
8086150
8086181
8086183
8086185
8086201
8086216
8086218
8086222
8086255
8086283
8086313
8086315
8086317
8086330
8086341
8086344
8086350
8086352
8086368
8086370
8086372
8086389
8086391
8086400
8086406
8086417
8086419
8086434
8086451
8086457
8086462
8086465
8086467
8086482
8086494
8086498
8086503
8086505
8086515
8086517
8086530
8086536
8086538
8086540
8086555
8086572
8086595
8086600
8086607
8086615
8086627
8086660
8086669
8086683
8086689
8086698
8086706
8086729
8086752
8086754
8086784
8086797
8086799
8086810
8086842
8086876
8086878
8086880
8086899
8086908
8086949
8086953
8086961
8086981
8086985
8087100
8087116
8087119
8087145
8087182
8087201
8087210
8087224
8087234
8087236
8087250
8087252
8087254
8087271
8087283
8087308
8087337
8087372
8087374
8087380
8087405
8087409
8087419
8087433
8087447
8087453
8087461
8087473
8087481
8087485
8087513
8087530
8087545
8087547
8087568
8087576
8087596
8087611
8087624
8087634
8087640
8087653
8087669
8087685
8087691
8087731
8087739
8087746
8087748
8087778
8087780
8087782
8087790
8087806
8087825
8087830
8087833
8087839
8087852
8087860
8087874
8087881
8087883
8087885
8087907
8087925
8087935
8087951
8087985
8088001
8088020
8088047
8088054
8088065
8088090
8088092
8088106
8088126
8088128
8088140
8088142
8088151
8088167
8088172
8088174
8088180
8088192
8088212
8088219
8088247
8088264
8088285
8088292
8088299
8088315
8088322
8088335
8088337
8088339
8088348
8088369
8088371
8088384
8088397
8088415
8088425
8088436
8088458
8088468
8088472
8088474
8088476
8088478
8088480
8088485
8088491
8088524
8088526
8088535
8088546
8088548
8088550
8088560
8088602
8088634
8088636
8088642
8088664
8088669
8088671
8088680
8088700
8088718
8088739
8088745
8088768
8088770
8088772
8088776
8088803
8088813
8088820
8088828
8088830
8088842
8088844
8088846
8088848
8088864
8088866
8088889
8088891
8088893
8088895
8088903
8088905
8088908
8088911
8088915
8088917
8088919
8088952
8088954
8088956
8088958
8088977
8088979
8088986
8088996
8088998
8089000
8089007
8089009
8089011
8089013
8089015
8089026
8089029
8089034
8089036
8089038
8089040
8089060
8089062
8089072
8089082
8089106
8089108
8089112
8089128
8089145
8089185
8089203
8089230
8089232
8089234
8089247
8089249
8089255
8089259
8089261
8089283
8089285
8089287
8089289
8089291
8089293
8089295
8089299
8089314
8089329
8089372
8089394
8089402
8089407
8089436
8089438
8089448
8089457
8089459
8089462
8089464
8089467
8089472
8089478
8089489
8089519
8089527
8089544
8089559
8089568
8089584
8089596
8089606
8089627
8089647
8089652
8089659
8089677
8089679
8089694
8089701
8089714
8089723
8089727
8089729
8089743
8089757
8089759
8089771
8089785
8089795
8089801
8089818
8089820
8089830
8089835
8089849
8089851
8089867
8089873
8089875
8089911
8089926
8089928
8089930
8089954
8089970
8089986
8089988
8089993
8089999
8090018
8090030
8090044
8090070
8090091
8090098
8090133
8090152
8090162
8090180
8090193
8090212
8090214
8090235
8090237
8090256
8090277
8090291
8090295
8090314
8090341
8090343
8090349
8090351
8090364
8090366
8090388
8090395
8090416
8090418
8090420
8090433
8090446
8090448
8090462
8090464
8090469
8090485
8090490
8090503
8090505
8090507
8090509
8090511
8090518
8090529
8090533
8090546
8090555
8090559
8090565
8090567
8090577
8090591
8090630
8090637
8090639
8090660
8090662
8090664
8090674
8090676
8090678
8090688
8090690
8090715
8090737
8090770
8090772
8090801
8090803
8090817
8090823
8090840
8090852
8090866
8090872
8090889
8090891
8090893
8090898
8090934
8090936
8090938
8090955
8090960
8090972
8090988
8091009
8091032
8091037
8091039
8091043
8091048
8091071
8091078
8091087
8091095
8091097
8091099
8091101
8091103
8091118
8091120
8091141
8091186
8091188
8091190
8091239
8091241
8091243
8091255
8091260
8091279
8091281
8091283
8091306
8091318
8091327
8091340
8091342
8091352
8091354
8091385
8091402
8091411
8091422
8091432
8091444
8091446
8091452
8091456
8091458
8091469
8091485
8091491
8091503
8091511
8091515
8091523
8091530
8091537
8091546
8091550
8091552
8091554
8091556
8091558
8091560
8091562
8091588
8091595
8091600
8091627
8091629
8091637
8091648
8091656
8091658
8091676
8091678
8091696
8091698
8091712
8091715
8091723
8091731
8091733
8091735
8091737
8091757
8091764
8091778
8091780
8091799
8091806
8091809
8091811
8091861
8091863
8091867
8091875
8091877
8091879
8091881
8091883
8091885
8091887
8091910
8091922
8091941
8091954
8091972
8091991
8091998
8092000
8092002
8092009
8092021
8092035
8092053
8092055
8092065
8092067
8092073
8092081
8092083
8092095
8092132
8092134
8092162
8092165
8092169
8092177
8092183
8092185
8092187
8092199
8092201
8092218
8092220
8092222
8092224
8092226
8092228
8092230
8092239
8092241
8092251
8092265
8092275
8092277
8092295
8092312
8092314
8092321
8092328
8092348
8092358
8092390
8092392
8092404
8092409
8092418
8092455
8092457
8092468
8092473
8092501
8092514
8092520
8092523
8092532
8092534
8092541
8092552
8092564
8092578
8092594
8092596
8092621
8092627
8092638
8092640
8092654
8092661
8092682
8092686
8092691
8092702
8092705
8092707
8092724
8092726
8092735
8092741
8092748
8092750
8092763
8092765
8092769
8092800
8092834
8092836
8092839
8092845
8092849
8092883
8092886
8092888
8092905
8092922
8092931
8092933
8092957
8092959
8092968
8092970
8092978
8093013
8093035
8093037
8093039
8093053
8093074
8093086
8093096
8093104
8093110
8093112
8093126
8093128
8093130
8093137
8093141
8093145
8093150
8093152
8093156
8093166
8093171
8093191
8093219
8093230
8093256
8093258
8093272
8093278
8093294
8093298
8093304
8093314
8093320
8093330
8093332
8093336
8093343
8093360
8093386
8093398
8093413
8093425
8093440
8093451
8093453
8093456
8093462
8093476
8093494
8093500
8093518
8093539
8093576
8093578
8093590
8093601
8093624
8093643
8093665
8093683
8093685
8093756
8093764
8093792
8093807
8093821
8093826
8093829
8093839
8093852
8093858
8093872
8093878
8093906
8093916
8093936
8093943
8093950
8093957
8093961
8093974
8093976
8093991
8093993
8093997
8094026
8094028
8094030
8094032
8094056
8094068
8094070
8094086
8094093
8094101
8094116
8094118
8094120
8094122
8094124
8094126
8094128
8094130
8094132
8094134
8094136
8094139
8094142
8094144
8094148
8094154
8094156
8094163
8094165
8094169
8094184
8094190
8094226
8094228
8094240
8094251
8094253
8094257
8094259
8094271
8094278
8094301
8094340
8094342
8094355
8094357
8094359
8094361
8094372
8094378
8094391
8094393
8094408
8094439
8094441
8094456
8094460
8094476
8094499
8094501
8094516
8094518
8094520
8094531
8094533
8094542
8094550
8094556
8094574
8094596
8094599
8094609
8094625
8094638
8094677
8094679
8094686
8094688
8094701
8094704
8094717
8094719
8094739
8094741
8094743
8094751
8094759
8094772
8094774
8094776
8094778
8094789
8094830
8094843
8094848
8094870
8094872
8094874
8094876
8094897
8094899
8094901
8094911
8094936
8094938
8094946
8094948
8094960
8094968
8094974
8094986
8094988
8095005
8095009
8095021
8095035
8095037
8095043
8095048
8095072
8095074
8095078
8095080
8095110
8095135
8095137
8095139
8095148
8095159
8095161
8095163
8095185
8095187
8095214
8095216
8095221
8095230
8095246
8095251
8095260
8095262
8095269
8095295
8095297
8095299
8095301
8095303
8095331
8095333
8095335
8095337
8095339
8095341
8095343
8095356
8095358
8095360
8095362
8095364
8095376
8095380
8095390
8095395
8095402
8095404
8095412
8095422
8095430
8095435
8095441
8095451
8095456
8095467
8095477
8095484
8095488
8095491
8095500
8095504
8095508
8095519
8095535
8095539
8095543
8095545
8095562
8095564
8095566
8095574
8095585
8095616
8095624
8095626
8095628
8095646
8095663
8095680
8095688
8095694
8095697
8095703
8095705
8095723
8095728
8095736
8095744
8095751
8095758
8095760
8095767
8095773
8095800
8095802
8095806
8095819
8095826
8095832
8095834
8095854
8095868
8095870
8095886
8095894
8095907
8095986
8096002
8096004
8096025
8096027
8096030
8096032
8096050
8096061
8096070
8096075
8096077
8096079
8096081
8096091
8096098
8096109
8096116
8096130
8096147
8096158
8096160
8096176
8096224
8096249
8096251
8096265
8096274
8096281
8096290
8096296
8096301
8096312
8096314
8096331
8096333
8096335
8096361
8096385
8096411
8096413
8096415
8096425
8096438
8096440
8096457
8096459
8096461
8096463
8096489
8096511
8096528
8096531
8096533
8096536
8096538
8096554
8096556
8096568
8096580
8096602
8096615
8096617
8096635
8096661
8096663
8096667
8096669
8096675
8096680
8096682
8096688
8096704
8096718
8096731
8096733
8096744
8096753
8096765
8096771
8096777
8096781
8096808
8096821
8096830
8096839
8096845
8096873
8096875
8096897
8096899
8096905
8096917
8096919
8096938
8096955
8096957
8096959
8097011
8097013
8097015
8097017
8097028
8097030
8097034
8097036
8097038
8097056
8097058
8097062
8097064
8097066
8097080
8097086
8097096
8097098
8097116
8097118
8097120
8097122
8097124
8097126
8097128
8097146
8097148
8097236
8097252
8097256
8097262
8097282
8097285
8097288
8097305
8097307
8097327
8097335
8097356
8097373
8097388
8097415
8097417
8097435
8097443
8097445
8097447
8097449
8097457
8097459
8097461
8097468
8097470
8097472
8097474
8097476
8097478
8097480
8097505
8097507
8097513
8097521
8097529
8097541
8097543
8097553
8097568
8097570
8097586
8097600
8097626
8097628
8097645
8097647
8097655
8097657
8097670
8097679
8097685
8097687
8097690
8097692
8097704
8097717
8097743
8097747
8097749
8097751
8097753
8097773
8097780
8097782
8097790
8097792
8097794
8097801
8097809
8097811
8097813
8097827
8097829
8097841
8097857
8097867
8097903
8097910
8097920
8097928
8097934
8097936
8097938
8097945
8097947
8097949
8097951
8097953
8097955
8097957
8097973
8097991
8098004
8098006
8098021
8098041
8098058
8098060
8098084
8098101
8098103
8098121
8098146
8098150
8098157
8098159
8098161
8098163
8098165
8098167
8098170
8098175
8098177
8098193
8098195
8098204
8098214
8098240
8098242
8098244
8098246
8098259
8098261
8098263
8098287
8098289
8098291
8098307
8098326
8098328
8098342
8098344
8098348
8098368
8098379
8098412
8098414
8098421
8098423
8098437
8098439
8098441
8098463
8098465
8098470
8098496
8098498
8098500
8098506
8098508
8098512
8098547
8098549
8098554
8098556
8098571
8098576
8098581
8098604
8098611
8098620
8098637
8098654
8098671
8098688
8098690
8098697
8098705
8098707
8098712
8098714
8098721
8098723
8098725
8098730
8098732
8098740
8098743
8098745
8098752
8098758
8098762
8098769
8098782
8098789
8098822
8098848
8098856
8098870
8098877
8098880
8098895
8098902
8098904
8098916
8098924
8098938
8098940
8098942
8098958
8098985
8098995
8099008
8099025
8099027
8099029
8099037
8099051
8099073
8099082
8099084
8099091
8099093
8099099
8099107
8099121
8099130
8099132
8099140
8099142
8099144
8099172
8099193
8099200
8099218
8099233
8099235
8099240
8099242
8099246
8099253
8099255
8099259
8099279
8099302
8099304
8099324
8099326
8099340
8099362
8099364
8099368
8099388
8099393
8099395
8099406
8099410
8099438
8099447
8099449
8099467
8099471
8099476
8099504
8099506
8099524
8099537
8099539
8099541
8099551
8099570
8099581
8099589
8099591
8099593
8099612
8099631
8099633
8099649
8099668
8099670
8099685
8099696
8099713
8099715
8099717
8099719
8099721
8099746
8099754
8099756
8099758
8099760
8099797
8099805
8099807
8099811
8099813
8099815
8099817
8099826
8099834
8099841
8099850
8099860
8099887
8099897
8099912
8099918
8099922
8099924
8099926
8099965
8099967
8099982
8100001
8100003
8100007
8100013
8100015
8100026
8100068
8100070
8100076
8100085
8100095
8100097
8100109
8100123
8100125
8100127
8100131
8100143
8100145
8100154
8100177
8100179
8100202
8100210
8100227
8100229
8100231
8100251
8100290
8100292
8100298
8100306
8100308
8100310
8100312
8100318
8100328
8100338
8100347
8100360
8100362
8100376
8100378
8100382
8100389
8100391
8100393
8100426
8100428
8100454
8100456
8100458
8100464
8100474
8100476
8100478
8100495
8100507
8100519
8100521
8100523
8100530
8100532
8100541
8100547
8100549
8100553
8100555
8100557
8100572
8100574
8100576
8100578
8100599
8100601
8100603
8100615
8100655
8100664
8100675
8100688
8100699
8100701
8100714
8100734
8100737
8100746
8100754
8100756
8100758
8100760
8100768
8100782
8100784
8100791
8100798
8100808
8100819
8100827
8100832
8100834
8100851
8100853
8100868
8100870
8100893
8100902
8100941
8100943
8100960
8100962
8100964
8100966
8100971
8100977
8100984
8100990
8100994
8101000
8101002
8101011
8101013
8101031
8101043
8101061
8101063
8101065
8101086
8101099
8101118
8101126
8101131
8101141
8101143
8101158
8101174
8101203
8101207
8101210
8101212
8101224
8101226
8101228
8101235
8101237
8101253
8101256
8101260
8101284
8101304
8101322
8101324
8101340
8101357
8101359
8101366
8101376
8101411
8101427
8101429
8101437
8101449
8101467
8101489
8101501
8101507
8101511
8101585
8101587
8101607
8101609
8101616
8101622
8101624
8101637
8101648
8101657
8101659
8101673
8101675
8101697
8101699
8101701
8101716
8101718
8101721
8101723
8101728
8101757
8101762
8101774
8101778
8101780
8101788
8101810
8101814
8101816
8101828
8101839
8101844
8101852
8101862
8101874
8101881
8101893
8101904
8101916
8101925
8101934
8101945
8101952
8101957
8101971
8101990
8101992
8102004
8102006
8102024
8102037
8102039
8102050
8102065
8102076
8102127
8102135
8102141
8102160
8102162
8102171
8102200
8102210
8102212
8102214
8102230
8102232
8102247
8102249
8102263
8102305
8102307
8102311
8102321
8102328
8102342
8102350
8102352
8102362
8102368
8102371
8102389
8102404
8102406
8102408
8102410
8102415
8102440
8102450
8102464
8102468
8102482
8102513
8102518
8102523
8102530
8102532
8102560
8102567
8102587
8102592
8102594
8102606
8102608
8102610
8102619
8102636
8102643
8102655
8102678
8102695
8102697
8102707
8102713
8102720
8102726
8102728
8102730
8102743
8102745
8102751
8102775
8102777
8102779
8102781
8102783
8102785
8102787
8102789
8102792
8102800
8102817
8102829
8102831
8102839
8102848
8102858
8102860
8102862
8102869
8102871
8102875
8102877
8102894
8102904
8102912
8102936
8102938
8102948
8102950
8102979
8102982
8102984
8102986
8102988
8102993
8102998
8103005
8103011
8103023
8103025
8103041
8103043
8103064
8103079
8103092
8103094
8103106
8103166
8103188
8103202
8103204
8103206
8103222
8103226
8103235
8103238
8103240
8103242
8103244
8103254
8103260
8103289
8103309
8103311
8103326
8103341
8103358
8103360
8103362
8103364
8103366
8103368
8103370
8103372
8103374
8103376
8103378
8103389
8103399
8103409
8103411
8103413
8103415
8103431
8103437
8103452
8103458
8103460
8103462
8103464
8103466
8103483
8103485
8103494
8103503
8103508
8103516
8103518
8103520
8103524
8103535
8103538
8103540
8103542
8103544
8103559
8103561
8103563
8103601
8103620
8103622
8103630
8103644
8103646
8103684
8103693
8103695
8103706
8103722
8103725
8103728
8103736
8103743
8103745
8103753
8103755
8103769
8103778
8103789
8103802
8103812
8103822
8103834
8103847
8103849
8103851
8103853
8103859
8103867
8103873
8103875
8103877
8103879
8103881
8103892
8103894
8103904
8103906
8103911
8103922
8103932
8103951
8103975
8103979
8103986
8103998
8104012
8104014
8104022
8104035
8104066
8104068
8104070
8104072
8104074
8104079
8104107
8104115
8104117
8104119
8104122
8104124
8104129
8104131
8104136
8104139
8104141
8104163
8104166
8104180
8104201
8104220
8104234
8104253
8104268
8104281
8104298
8104305
8104307
8104314
8104319
8104321
8104348
8104350
8104369
8104378
8104392
8104394
8104422
8104441
8104443
8104447
8104449
8104461
8104463
8104490
8104492
8104499
8104504
8104506
8104568
8104570
8104580
8104590
8104592
8104599
8104601
8104607
8104609
8104611
8104613
8104615
8104617
8104619
8104621
8104625
8104627
8104632
8104634
8104643
8104648
8104650
8104652
8104654
8104656
8104659
8104661
8104663
8104680
8104693
8104723
8104725
8104727
8104729
8104731
8104738
8104746
8104758
8104760
8104781
8104786
8104788
8104812
8104823
8104825
8104838
8104854
8104856
8104901
8104912
8104926
8104928
8104930
8104944
8104996
8104998
8105013
8105040
8105061
8105063
8105067
8105077
8105084
8105104
8105111
8105121
8105132
8105136
8105144
8105146
8105151
8105153
8105179
8105181
8105189
8105191
8105218
8105220
8105229
8105267
8105300
8105302
8105311
8105318
8105321
8105323
8105328
8105331
8105338
8105340
8105348
8105353
8105384
8105409
8105411
8105432
8105434
8105436
8105456
8105463
8105479
8105481
8105487
8105495
8105499
8105504
8105506
8105517
8105523
8105545
8105577
8105579
8105583
8105585
8105596
8105603
8105605
8105607
8105612
8105629
8105631
8105633
8105645
8105647
8105661
8105663
8105681
8105714
8105731
8105739
8105741
8105778
8105799
8105801
8105828
8105842
8105852
8105862
8105878
8105899
8105908
8105918
8105935
8105937
8105949
8105958
8105970
8105987
8105989
8105991
8105995
8105997
8106006
8106017
8106019
8106025
8106068
8106088
8106096
8106098
8106107
8106120
8106122
8106141
8106168
8106170
8106176
8106181
8106189
8106193
8106210
8106250
8106252
8106271
8106278
8106280
8106303
8106325
8106336
8106350
8106352
8106354
8106393
8106401
8106403
8106411
8106418
8106429
8106448
8106473
8106475
8106477
8106479
8106494
8106504
8106512
8106514
8106516
8106528
8106530
8106532
8106534
8106556
8106573
8106597
8106602
8106626
8106633
8106660
8106689
8106702
8106709
8106720
8106722
8106727
8106730
8106743
8106761
8106763
8106765
8106767
8106769
8106771
8106776
8106784
8106814
8106816
8106818
8106820
8106827
8106919
8106921
8106923
8106929
8106931
8106950
8106960
8106962
8106976
8106978
8106986
8106999
8107005
8107044
8107066
8107090
8107092
8107094
8107096
8107098
8107100
8107109
8107111
8107113
8107115
8107117
8107119
8107125
8107127
8107129
8107131
8107133
8107162
8107164
8107194
8107198
8107200
8107202
8107204
8107206
8107208
8107232
8107234
8107259
8107270
8107282
8107307
8107321
8107326
8107328
8107330
8107348
8107350
8107353
8107356
8107373
8107375
8107406
8107408
8107421
8107429
8107458
8107468
8107470
8107472
8107474
8107518
8107520
8107530
8107532
8107554
8107563
8107574
8107576
8107578
8107591
8107594
8107613
8107632
8107644
8107646
8107655
8107671
8107673
8107691
8107702
8107706
8107720
8107722
8107750
8107764
8107769
8107798
8107814
8107823
8107847
8107850
8107855
8107857
8107859
8107868
8107878
8107887
8107897
8107909
8107920
8107934
8107940
8107942
8107970
8107977
8107985
8107992
8107996
8107998
8108006
8108013
8108015
8108040
8108050
8108066
8108078
8108080
8108099
8108127
8108134
8108161
8108163
8108166
8108174
8108180
8108182
8108192
8108199
8108205
8108217
8108238
8108251
8108256
8108267
8108287
8108299
8108301
8108321
8108330
8108359
8108370
8108376
8108378
8108399
8108401
8108403
8108420
8108422
8108424
8108433
8108435
8108447
8108453
8108470
8108472
8108475
8108478
8108483
8108510
8108558
8108566
8108568
8108579
8108593
8108603
8108620
8108627
8108629
8108631
8108633
8108679
8108683
8108688
8108693
8108697
8108703
8108706
8108708
8108713
8108716
8108720
8108724
8108729
8108733
8108737
8108744
8108749
8108753
8108757
8108820
8108822
8108832
8108847
8108861
8108873
8108900
8108903
8108905
8108912
8108927
8108949
8108954
8108977
8108979
8108981
8108995
8109001
8109039
8109044
8109049
8109057
8109062
8109086
8109093
8109120
8109141
8109149
8109157
8109159
8109161
8109177
8109179
8109194
8109201
8109222
8109226
8109236
8109254
8109283
8109303
8109305
8109315
8109326
8109333
8109344
8109350
8109368
8109383
8109401
8109403
8109407
8109424
8109426
8109428
8109436
8109438
8109462
8109475
8109484
8109486
8109490
8109503
8109505
8109507
8109526
8109528
8109563
8109570
8109572
8109576
8109585
8109591
8109593
8109595
8109597
8109610
8109612
8109618
8109620
8109629
8109637
8109639
8109649
8109651
8109661
8109663
8109677
8109693
8109695
8109697
8109712
8109732
8109746
8109748
8109750
8109752
8109773
8109802
8109819
8109821
8109824
8109826
8109828
8109830
8109843
8109901
8109908
8109912
8109926
8109938
8109967
8109969
8109973
8109975
8109981
8109990
8109995
8109999
8110018
8110022
8110032
8110043
8110055
8110068
8110074
8110084
8110090
8110104
8110106
8110112
8110114
8110123
8110147
8110158
8110166
8110169
8110183
8110216
8110218
8110224
8110237
8110253
8110265
8110289
8110318
8110327
8110347
8110362
8110382
8110392
8110399
8110408
8110415
8110417
8110427
8110430
8110437
8110450
8110461
8110463
8110472
8110478
8110486
8110491
8110499
8110518
8110520
8110522
8110546
8110562
8110569
8110585
8110587
8110589
8110604
8110606
8110616
8110618
8110620
8110629
8110631
8110647
8110649
8110666
8110668
8110670
8110672
8110674
8110676
8110678
8110681
8110685
8110688
8110706
8110708
8110721
8110734
8110755
8110783
8110803
8110821
8110841
8110858
8110861
8110865
8110872
8110880
8110882
8110886
8110894
8110914
8110916
8110920
8110928
8110930
8110932
8110960
8110966
8110971
8110980
8110982
8110990
8111017
8111019
8111099
8111101
8111118
8111122
8111124
8111127
8111129
8111136
8111151
8111153
8111197
8111199
8111201
8111203
8111210
8111212
8111214
8111216
8111218
8111220
8111234
8111251
8111253
8111255
8111269
8111271
8111284
8111286
8111327
8111331
8111339
8111358
8111360
8111385
8111387
8111415
8111417
8111430
8111443
8111455
8111457
8111474
8111490
8111506
8111512
8111524
8111533
8111552
8111569
8111584
8111627
8111629
8111666
8111668
8111670
8111677
8111698
8111739
8111757
8111772
8111788
8111796
8111812
8111814
8111821
8111864
8111885
8111887
8111892
8111913
8111915
8111922
8111925
8111930
8111932
8111941
8111952
8111960
8111974
8111989
8111991
8111993
8111998
8112007
8112014
8112016
8112018
8112020
8112033
8112041
8112043
8112045
8112053
8112070
8112072
8112081
8112107
8112121
8112139
8112157
8112159
8112174
8112176
8112178
8112180
8112182
8112196
8112198
8112202
8112220
8112256
8112258
8112260
8112274
8112285
8112302
8112306
8112310
8112312
8112327
8112329
8112331
8112333
8112335
8112337
8112342
8112376
8112388
8112407
8112409
8112422
8112424
8112426
8112428
8112433
8112435
8112437
8112439
8112458
8112469
8112476
8112478
8112491
8112519
8112521
8112538
8112558
8112560
8112564
8112570
8112582
8112584
8112592
8112596
8112607
8112609
8112611
8112613
8112615
8112622
8112647
8112649
8112664
8112666
8112668
8112672
8112687
8112709
8112724
8112726
8112728
8112731
8112738
8112740
8112746
8112761
8112763
8112767
8112772
8112801
8112803
8112807
8112822
8112841
8112855
8112857
8112865
8112881
8112883
8112886
8112888
8112890
8112892
8112894
8112896
8112902
8112914
8112916
8112918
8112920
8112940
8112959
8112961
8112967
8112971
8112980
8112994
8112996
8112998
8113003
8113006
8113008
8113010
8113023
8113035
8113037
8113039
8113050
8113059
8113064
8113071
8113073
8113083
8113094
8113097
8113103
8113113
8113120
8113122
8113124
8113130
8113157
8113202
8113214
8113220
8113232
8113234
8113250
8113274
8113276
8113278
8113286
8113299
8113301
8113303
8113305
8113342
8113344
8113346
8113348
8113350
8113352
8113354
8113356
8113358
8113367
8113369
8113385
8113403
8113413
8113421
8113427
8113429
8113431
8113433
8113443
8113445
8113467
8113469
8113481
8113483
8113489
8113491
8113502
8113504
8113512
8113542
8113551
8113573
8113577
8113591
8113602
8113614
8113616
8113623
8113639
8113641
8113651
8113658
8113660
8113664
8113666
8113689
8113691
8113699
8113701
8113703
8113705
8113707
8113709
8113717
8113724
8113726
8113733
8113759
8113761
8113771
8113773
8113782
8113784
8113786
8113788
8113790
8113796
8113800
8113871
8113873
8113879
8113881
8113914
8113936
8113938
8113981
8114002
8114006
8114010
8114023
8114030
8114050
8114068
8114080
8114083
8114111
8114113
8114119
8114136
8114138
8114145
8114152
8114158
8114171
8114185
8114191
8114193
8114203
8114205
8114207
8114209
8114211
8114213
8114215
8114225
8114239
8114245
8114249
8114256
8114263
8114270
8114273
8114285
8114287
8114300
8114320
8114326
8114352
8114354
8114363
8114365
8114396
8114415
8114425
8114443
8114455
8114468
8114470
8114476
8114489
8114491
8114511
8114518
8114526
8114536
8114546
8114548
8114550
8114567
8114572
8114579
8114581
8114583
8114593
8114612
8114618
8114625
8114628
8114643
8114645
8114647
8114653
8114658
8114691
8114709
8114733
8114767
8114778
8114780
8114787
8114797
8114805
8114812
8114814
8114829
8114843
8114845
8114856
8114861
8114896
8114898
8114900
8114918
8114920
8114938
8114964
8114970
8114977
8114991
8115010
8115012
8115014
8115022
8115037
8115039
8115041
8115064
8115066
8115068
8115074
8115076
8115099
8115122
8115144
8115147
8115158
8115164
8115166
8115168
8115181
8115196
8115205
8115210
8115234
8115261
8115274
8115287
8115300
8115302
8115327
8115340
8115342
8115344
8115346
8115355
8115366
8115368
8115375
8115391
8115395
8115397
8115410
8115441
8115443
8115445
8115455
8115464
8115476
8115481
8115487
8115490
8115516
8115524
8115541
8115543
8115562
8115570
8115580
8115584
8115594
8115600
8115606
8115623
8115651
8115664
8115666
8115673
8115675
8115677
8115679
8115681
8115689
8115691
8115730
8115732
8115734
8115756
8115765
8115783
8115806
8115812
8115814
8115828
8115831
8115836
8115838
8115840
8115847
8115849
8115851
8115863
8115865
8115871
8115873
8115875
8115884
8115886
8115895
8115907
8115918
8115927
8115939
8115941
8115948
8115957
8115978
8115997
8116012
8116020
8116031
8116033
8116051
8116070
8116086
8116096
8116113
8116128
8116130
8116162
8116168
8116174
8116177
8116195
8116227
8116245
8116247
8116253
8116272
8116295
8116297
8116313
8116316
8116335
8116346
8116348
8116372
8116384
8116400
8116402
8116418
8116439
8116445
8116479
8116482
8116484
8116494
8116500
8116502
8116504
8116520
8116530
8116532
8116534
8116537
8116545
8116548
8116559
8116571
8116573
8116577
8116579
8116582
8116585
8116589
8116591
8116593
8116595
8116607
8116610
8116620
8116622
8116635
8116649
8116651
8116653
8116655
8116658
8116662
8116664
8116696
8116707
8116710
8116722
8116724
8116734
8116740
8116760
8116780
8116807
8116818
8116827
8116829
8116831
8116835
8116846
8116848
8116859
8116867
8116874
8116904
8116906
8116908
8116910
8116921
8116929
8116932
8116952
8116954
8116956
8116969
8116980
8116983
8116992
8116994
8116996
8116998
8117018
8117020
8117032
8117034
8117045
8117054
8117071
8117077
8117079
8117081
8117106
8117118
8117120
8117126
8117128
8117138
8117140
8117161
8117165
8117170
8117172
8117176
8117178
8117187
8117189
8117192
8117194
8117207
8117219
8117225
8117237
8117239
8117241
8117243
8117284
8117286
8117288
8117301
8117304
8117321
8117330
8117334
8117339
8117343
8117368
8117372
8117377
8117382
8117389
8117395
8117402
8117408
8117415
8117422
8117426
8117429
8117435
8117447
8117458
8117470
8117476
8117485
8117498
8117510
8117520
8117522
8117529
8117531
8117533
8117535
8117537
8117543
8117547
8117561
8117563
8117565
8117567
8117572
8117576
8117578
8117580
8117583
8117589
8117594
8117598
8117600
8117608
8117614
8117620
8117622
8117624
8117626
8117628
8117630
8117640
8117646
8117653
8117655
8117663
8117667
8117675
8117685
8117696
8117698
8117700
8117707
8117710
8117712
8117714
8117716
8117718
8117720
8117722
8117724
8117727
8117732
8117739
8117741
8117746
8117748
8117760
8117773
8117777
8117800
8117809
8117813
8117822
8117834
8117840
8117849
8117861
8117869
8117881
8117888
8117890
8117900
8117922
8117929
8117955
8117965
8117987
8117995
8118005
8118007
8118023
8118028
8118061
8118069
8118076
8118086
8118093
8118098
8118100
8118111
8118116
8118124
8118127
8118137
8118142
8118147
8118149
8118158
8118174
8118207
8118209
8118216
8118218
8118228
8118235
8118242
8118249
8118259
8118293
8118302
8118310
8118314
8118319
8118322
8118324
8118345
8118367
8118395
8118409
8118455
8118498
8118509
8118535
8118544
8118548
8118556
8118564
8118571
8118580
8118594
8118607
8118611
8118613
8118622
8118632
8118634
8118644
8118655
8118661
8118667
8118669
8118682
8118696
8118721
8118724
8118726
8118734
8118794
8118804
8118818
8118820
8118822
8118824
8118826
8118833
8118861
8118863
8118890
8118915
8118932
8118945
8118963
8118974
8118979
8118981
8118990
8118995
8119000
8119016
8119034
8119052
8119067
8119076
8119078
8119080
8119088
8119096
8119102
8119107
8119109
8119124
8119132
8119153
8119159
8119161
8119169
8119184
8119196
8119198
8119223
8119227
8119235
8119237
8119239
8119241
8119243
8119336
8119338
8119357
8119386
8119390
8119394
8119396
8119403
8119408
8119423
8119427
8119435
8119444
8119466
8119473
8119490
8119492
8119503
8119515
8119525
8119527
8119529
8119580
8119582
8119595
8119599
8119609
8119620
8119627
8119648
8119661
8119670
8119689
8119712
8119722
8119765
8119782
8119799
8119801
8119827
8119829
8119842
8119856
8119858
8119874
8119882
8119894
8119896
8119898
8119915
8119918
8119926
8119951
8119974
8119993
8120004
8120011
8120022
8120043
8120057
8120059
8120061
8120067
8120082
8120088
8120102
8120124
8120135
8120151
8120163
8120165
8120176
8120184
8120194
8120204
8120206
8120208
8120210
8120215
8120222
8120239
8120247
8120249
8120251
8120269
8120271
8120273
8120275
8120277
8120279
8120300
8120315
8120333
8120335
8120342
8120350
8120360
8120362
8120378
8120382
8120402
8120411
8120428
8120431
8120441
8120460
8120462
8120464
8120466
8120468
8120501
8120552
8120579
8120585
8120600
8120602
8120613
8120654
8120675
8120679
8120698
8120715
8120717
8120719
8120756
8120758
8120783
8120820
8120822
8120824
8120826
8120833
8120838
8120860
8120876
8120878
8120880
8120883
8120927
8120932
8120937
8120943
8120961
8120967
8120979
8120981
8120983
8120990
8120992
8121002
8121009
8121015
8121031
8121041
8121043
8121062
8121064
8121066
8121076
8121085
8121087
8121095
8121112
8121116
8121118
8121130
8121132
8121134
8121136
8121138
8121140
8121142
8121144
8121152
8121159
8121161
8121181
8121193
8121209
8121212
8121214
8121216
8121223
8121225
8121247
8121249
8121251
8121255
8121257
8121269
8121273
8121275
8121277
8121298
8121300
8121312
8121317
8121319
8121330
8121332
8121334
8121347
8121349
8121363
8121365
8121370
8121390
8121392
8121405
8121416
8121418
8121429
8121454
8121461
8121483
8121485
8121487
8121489
8121502
8121508
8121510
8121515
8121525
8121532
8121547
8121553
8121557
8121559
8121561
8121563
8121569
8121578
8121588
8121596
8121601
8121605
8121613
8121622
8121632
8121649
8121670
8121672
8121681
8121683
8121685
8121704
8121712
8121725
8121727
8121729
8121734
8121739
8121741
8121743
8121747
8121749
8121755
8121757
8121768
8121782
8121784
8121794
8121803
8121814
8121825
8121838
8121850
8121861
8121884
8121886
8121895
8121911
8121916
8121927
8121936
8121943
8121945
8121947
8121949
8122013
8122038
8122045
8122058
8122071
8122099
8122125
8122127
8122129
8122131
8122136
8122142
8122144
8122146
8122150
8122174
8122176
8122182
8122194
8122196
8122198
8122200
8122202
8122222
8122240
8122242
8122256
8122259
8122261
8122263
8122265
8122277
8122279
8122317
8122327
8122334
8122336
8122343
8122348
8122365
8122396
8122405
8122409
8122426
8122440
8122452
8122457
8122464
8122537
8122552
8122554
8122561
8122598
8122600
8122634
8122637
8122658
8122660
8122670
8122672
8122684
8122689
8122699
8122701
8122703
8122705
8122717
8122720
8122724
8122732
8122734
8122740
8122742
8122744
8122756
8122773
8122803
8122805
8122807
8122816
8122818
8122827
8122840
8122843
8122856
8122858
8122860
8122865
8122875
8122877
8122879
8122881
8122883
8122885
8122887
8122909
8122933
8122966
8122969
8122971
8122982
8122986
8123006
8123038
8123044
8123060
8123062
8123080
8123101
8123104
8123129
8123137
8123148
8123155
8123176
8123181
8123230
8123232
8123246
8123259
8123274
8123303
8123313
8123315
8123332
8123334
8123336
8123338
8123340
8123342
8123362
8123364
8123372
8123374
8123388
8123398
8123405
8123407
8123437
8123446
8123463
8123467
8123488
8123494
8123507
8123520
8123524
8123558
8123562
8123579
8123584
8123598
8123606
8123609
8123621
8123637
8123642
8123644
8123651
8123658
8123678
8123685
8123695
8123712
8123714
8123717
8123726
8123728
8123737
8123739
8123744
8123760
8123763
8123765
8123767
8123780
8123800
8123802
8123819
8123825
8123843
8123864
8123876
8123884
8123889
8123891
8123893
8123910
8123920
8123929
8123936
8123949
8123951
8123959
8123961
8123976
8123981
8123985
8123989
8124008
8124018
8124020
8124022
8124036
8124038
8124040
8124055
8124057
8124059
8124082
8124086
8124088
8124129
8124134
8124144
8124156
8124158
8124160
8124162
8124164
8124166
8124181
8124183
8124185
8124192
8124194
8124196
8124211
8124240
8124262
8124273
8124280
8124305
8124307
8124327
8124329
8124331
8124335
8124337
8124351
8124365
8124380
8124385
8124388
8124391
8124394
8124397
8124402
8124406
8124413
8124416
8124423
8124430
8124433
8124437
8124440
8124446
8124448
8124455
8124457
8124459
8124467
8124469
8124482
8124484
8124492
8124495
8124498
8124500
8124502
8124510
8124518
8124521
8124524
8124527
8124531
8124534
8124537
8124540
8124547
8124549
8124551
8124553
8124562
8124574
8124583
8124588
8124594
8124604
8124606
8124608
8124610
8124622
8124630
8124632
8124634
8124636
8124639
8124645
8124648
8124650
8124654
8124684
8124689
8124691
8124695
8124707
8124716
8124726
8124742
8124756
8124775
8124798
8124806
8124813
8124828
8124846
8124848
8124855
8124859
8124862
8124865
8124868
8124889
8124897
8124901
8124911
8124920
8124922
8124924
8124926
8124940
8124942
8124950
8124955
8124967
8124994
8124998
8125007
8125017
8125038
8125042
8125048
8125059
8125072
8125091
8125123
8125125
8125134
8125139
8125149
8125172
8125201
8125204
8125220
8125234
8125289
8125295
8125316
8125321
8125328
8125341
8125360
8125373
8125383
8125415
8125426
8125434
8125436
8125443
8125445
8125447
8125461
8125463
8125470
8125483
8125500
8125512
8125527
8125530
8125537
8125545
8125556
8125563
8125568
8125638
8125649
8125671
8125687
8125713
8125731
8125734
8125748
8125750
8125752
8125766
8125772
8125775
8125780
8125788
8125798
8125805
8125818
8125825
8125835
8125843
8125850
8125857
8125859
8125870
8125887
8125903
8125919
8125936
8125941
8125959
8125980
8125993
8126007
8126016
8126018
8126033
8126035
8126058
8126066
8126086
8126093
8126095
8126102
8126119
8126121
8126135
8126145
8126147
8126153
8126163
8126173
8126184
8126212
8126214
8126238
8126240
8126244
8126248
8126259
8126269
8126279
8126288
8126296
8126301
8126303
8126310
8126312
8126324
8126337
8126347
8126358
8126360
8126369
8126371
8126379
8126382
8126387
8126394
8126402
8126428
8126432
8126434
8126436
8126442
8126446
8126450
8126452
8126474
8126482
8126484
8126486
8126512
8126524
8126531
8126542
8126556
8126566
8126574
8126588
8126627
8126629
8126646
8126653
8126658
8126666
8126674
8126681
8126705
8126710
8126729
8126750
8126760
8126770
8126784
8126798
8126820
8126839
8126853
8126855
8126860
8126878
8126891
8126905
8126916
8126920
8126931
8126934
8126937
8126939
8126943
8126946
8126948
8126950
8126952
8126954
8127024
8127031
8127051
8127065
8127072
8127079
8127087
8127094
8127107
8127109
8127128
8127130
8127141
8127143
8127145
8127156
8127158
8127177
8127180
8127193
8127201
8127234
8127346
8127360
8127362
8127364
8127370
8127380
8127391
8127393
8127396
8127399
8127408
8127419
8127421
8127423
8127425
8127446
8127484
8127496
8127498
8127500
8127502
8127507
8127509
8127511
8127522
8127526
8127532
8127534
8127542
8127544
8127549
8127563
8127629
8127637
8127646
8127656
8127658
8127660
8127662
8127664
8127666
8127686
8127688
8127690
8127692
8127696
8127698
8127743
8127752
8127754
8127756
8127767
8127776
8127778
8127787
8127822
8127824
8127841
8127854
8127872
8127903
8127932
8127943
8127977
8127987
8127989
8127991
8127993
8127995
8127997
8127999
8128001
8128007
8128013
8128034
8128043
8128052
8128075
8128077
8128079
8128087
8128099
8128109
8128111
8128123
8128133
8128138
8128245
8128247
8128258
8128260
8128282
8128284
8128308
8128310
8128312
8128314
8128316
8128322
8128327
8128329
8128356
8128371
8128383
8128394
8128409
8128429
8128445
8128447
8128459
8128472
8128522
8128549
8128553
8128565
8128572
8128592
8128604
8128606
8128618
8128620
8128624
8128626
8128638
8128650
8128667
8128669
8128683
8128695
8128698
8128712
8128714
8128716
8128726
8128737
8128767
8128777
8128788
8128795
8128818
8128837
8128843
8128850
8128865
8128867
8128886
8128888
8128890
8128892
8128894
8128934
8128936
8128939
8128954
8128956
8128977
8128991
8129037
8129039
8129043
8129045
8129062
8129067
8129069
8129071
8129082
8129087
8129089
8129095
8129097
8129099
8129105
8129108
8129120
8129125
8129134
8129179
8129181
8129193
8129214
8129218
8129231
8129254
8129271
8129273
8129309
8129311
8129313
8129315
8129317
8129330
8129363
8129375
8129377
8129379
8129390
8129392
8129410
8129418
8129454
8129456
8129458
8129476
8129482
8129497
8129522
8129558
8129560
8129562
8129573
8129590
8129604
8129608
8129610
8129615
8129618
8129627
8129637
8129649
8129666
8129675
8129677
8129693
8129695
8129706
8129728
8129761
8129763
8129773
8129783
8129804
8129835
8129837
8129848
8129861
8129872
8129876
8129880
8129888
8129899
8129901
8129924
8129937
8129943
8129947
8129953
8129963
8129974
8129985
8130003
8130009
8130011
8130013
8130027
8130032
8130038
8130071
8130073
8130087
8130102
8130116
8130129
8130142
8130151
8130163
8130173
8130176
8130181
8130183
8130185
8130191
8130209
8130211
8130370
8130372
8130374
8130383
8130394
8130401
8130403
8130406
8130408
8130422
8130436
8130438
8130447
8130462
8130464
8130470
8130472
8130474
8130495
8130497
8130499
8130505
8130522
8130528
8130539
8130553
8130556
8130565
8130567
8130578
8130580
8130582
8130598
8130608
8130622
8130624
8130626
8130628
8130641
8130645
8130660
8130662
8130664
8130674
8130701
8130703
8130715
8130720
8130732
8130739
8130765
8130768
8130783
8130785
8130787
8130803
8130807
8130811
8130817
8130824
8130827
8130837
8130859
8130867
8130891
8130916
8130927
8130934
8130939
8130952
8130962
8130976
8130980
8130982
8130988
8130993
8130997
8131000
8131013
8131042
8131044
8131056
8131067
8131069
8131087
8131091
8131096
8131098
8131101
8131111
8131135
8131140
8131143
8131155
8131179
8131195
8131203
8131205
8131253
8131263
8131265
8131286
8131292
8131296
8131301
8131303
8131324
8131326
8131335
8131337
8131339
8131349
8131356
8131374
8131379
8131381
8131385
8131387
8131406
8131412
8131414
8131427
8131438
8131441
8131444
8131452
8131475
8131479
8131494
8131496
8131506
8131512
8131515
8131519
8131539
8131550
8131573
8131581
8131583
8131600
8131612
8131614
8131631
8131661
8131666
8131682
8131703
8131705
8131707
8131709
8131719
8131801
8131803
8131811
8131813
8131815
8131831
8131844
8131860
8131867
8131869
8131871
8131881
8131890
8131917
8131919
8131925
8131927
8131942
8131944
8131949
8131957
8131965
8131967
8131970
8131975
8131996
8132013
8132031
8132034
8132036
8132043
8132045
8132055
8132062
8132070
8132092
8132097
8132118
8132130
8132151
8132167
8132182
8132188
8132209
8132212
8132214
8132218
8132243
8132245
8132248
8132250
8132270
8132286
8132288
8132290
8132292
8132302
8132305
8132318
8132343
8132345
8132347
8132349
8132369
8132376
8132387
8132399
8132404
8132406
8132413
8132415
8132417
8132439
8132458
8132463
8132465
8132493
8132501
8132503
8132513
8132515
8132523
8132531
8132539
8132557
8132580
8132589
8132592
8132617
8132642
8132646
8132660
8132667
8132690
8132692
8132694
8132705
8132707
8132710
8132715
8132725
8132743
8132803
8132805
8132811
8132813
8132819
8132830
8132832
8132838
8132840
8132843
8132845
8132847
8132849
8132851
8132856
8132858
8132860
8132897
8132909
8132911
8132913
8132915
8132917
8132922
8132929
8132943
8132960
8132962
8132964
8132978
8132980
8132984
8132986
8132988
8132990
8132992
8132994
8132996
8132998
8133000
8133002
8133004
8133006
8133008
8133010
8133012
8133014
8133016
8133018
8133021
8133023
8133027
8133030
8133032
8133034
8133036
8133038
8133040
8133042
8133049
8133057
8133062
8133070
8133072
8133074
8133085
8133089
8133095
8133106
8133108
8133110
8133112
8133114
8133119
8133122
8133145
8133155
8133163
8133165
8133167
8133176
8133187
8133189
8133192
8133200
8133202
8133209
8133215
8133219
8133221
8133223
8133225
8133227
8133229
8133231
8133233
8133258
8133273
8133275
8133293
8133300
8133309
8133314
8133326
8133331
8133335
8133339
8133345
8133360
8133366
8133372
8133413
8133434
8133442
8133459
8133477
8133500
8133504
8133518
8133531
8133540
8133549
8133571
8133582
8133590
8133600
8133610
8133623
8133625
8133633
8133654
8133662
8133670
8133688
8133690
8133702
8133704
8133721
8133728
8133736
8133741
8133750
8133752
8133754
8133770
8133788
8133809
8133818
8133845
8133847
8133854
8133856
8133858
8133860
8133872
8133874
8133876
8133896
8133898
8133900
8133902
8133904
8133914
8133938
8133959
8133961
8133976
8133983
8134018
8134024
8134026
8134030
8134036
8134051
8134077
8134079
8134091
8134098
8134117
8134122
8134180
8134201
8134211
8134219
8134252
8134257
8134263
8134316
8134318
8134339
8134345
8134347
8134349
8134351
8134372
8134374
8134376
8134384
8134403
8134405
8134407
8134415
8134420
8134429
8134431
8134433
8134435
8134452
8134454
8134460
8134463
8134470
8134550
8134552
8134564
8134581
8134589
8134599
8134613
8134621
8134631
8134644
8134655
8134676
8134678
8134680
8134689
8134699
8134712
8134730
8134737
8134740
8134745
8134777
8134785
8134789
8134814
8134821
8134827
8134834
8134856
8134869
8134880
8134890
8134904
8134907
8134915
8134965
8134981
8134992
8135015
8135031
8135033
8135037
8135048
8135064
8135069
8135080
8135089
8135099
8135114
8135149
8135160
8135162
8135172
8135181
8135197
8135204
8135211
8135214
8135216
8135218
8135224
8135229
8135235
8135250
8135262
8135268
8135271
8135273
8135275
8135277
8135319
8135321
8135323
8135341
8135361
8135363
8135378
8135392
8135405
8135410
8135422
8135436
8135458
8135464
8135480
8135486
8135488
8135497
8135512
8135514
8135532
8135542
8135544
8135568
8135576
8135585
8135587
8135594
8135601
8135625
8135638
8135661
8135688
8135697
8135705
8135716
8135718
8135734
8135763
8135772
8135774
8135804
8135821
8135827
8135835
8135847
8135849
8135856
8135865
8135874
8135876
8135902
8135907
8135909
8135915
8135922
8135929
8135931
8135933
8135943
8135945
8135955
8135967
8135969
8135990
8136039
8136045
8136059
8136061
8136063
8136065
8136067
8136078
8136080
8136095
8136115
8136138
8136140
8136159
8136161
8136163
8136177
8136179
8136181
8136187
8136200
8136213
8136215
8136217
8136235
8136248
8136259
8136281
8136289
8136291
8136293
8136315
8136336
8136341
8136347
8136370
8136388
8136391
8136401
8136446
8136448
8136457
8136459
8136469
8136471
8136473
8136495
8136516
8136535
8136539
8136557
8136576
8136578
8136580
8136587
8136589
8136591
8136602
8136610
8136612
8136614
8136631
8136641
8136645
8136647
8136652
8136654
8136656
8136658
8136660
8136662
8136709
8136727
8136786
8136788
8136790
8136795
8136801
8136807
8136811
8136832
8136837
8136839
8136844
8136846
8136849
8136863
8136869
8136889
8136891
8136893
8136918
8136930
8136932
8136934
8136936
8136938
8136940
8136954
8136961
8136963
8136965
8136967
8136969
8136971
8136973
8136975
8136977
8136979
8136981
8136983
8136985
8136987
8137006
8137008
8137010
8137040
8137042
8137044
8137046
8137048
8137050
8137054
8137081
8137089
8137091
8137101
8137112
8137118
8137131
8137133
8137151
8137183
8137202
8137208
8137215
8137219
8137223
8137225
8137228
8137232
8137240
8137244
8137250
8137252
8137257
8137264
8137271
8137280
8137310
8137330
8137332
8137334
8137336
8137352
8137381
8137404
8137414
8137433
8137435
8137437
8137448
8137464
8137466
8137468
8137470
8137472
8137474
8137483
8137485
8137517
8137524
8137526
8137537
8137542
8137558
8137566
8137582
8137584
8137596
8137627
8137635
8137637
8137639
8137666
8137668
8137670
8137675
8137680
8137693
8137700
8137707
8137709
8137715
8137739
8137781
8137783
8137798
8137802
8137805
8137826
8137833
8137847
8137863
8137865
8137874
8137900
8137903
8137906
8137925
8137927
8137931
8137942
8137953
8137959
8137962
8137964
8137979
8137986
8138007
8138009
8138030
8138043
8138045
8138065
8138067
8138084
8138086
8138088
8138091
8138108
8138116
8138128
8138145
8138147
8138151
8138155
8138157
8138189
8138202
8138224
8138231
8138258
8138277
8138287
8138289
8138308
8138310
8138337
8138353
8138361
8138363
8138370
8138381
8138392
8138401
8138435
8138440
8138442
8138450
8138454
8138459
8138466
8138474
8138483
8138485
8138487
8138489
8138504
8138527
8138531
8138542
8138545
8138547
8138553
8138566
8138581
8138592
8138596
8138598
8138600
8138602
8138613
8138640
8138647
8138662
8138668
8138670
8138686
8138689
8138706
8138708
8138718
8138721
8138728
8138735
8138741
8138745
8138749
8138757
8138765
8138770
8138773
8138776
8138789
8138795
8138797
8138799
8138805
8138822
8138824
8138834
8138842
8138857
8138862
8138865
8138882
8138888
8138912
8138920
8138922
8138930
8138939
8138941
8138948
8138950
8138956
8138958
8138977
8138988
8138995
8138997
8139003
8139015
8139017
8139019
8139021
8139031
8139033
8139055
8139057
8139083
8139085
8139087
8139100
8139107
8139113
8139118
8139121
8139125
8139128
8139131
8139158
8139160
8139163
8139165
8139196
8139198
8139201
8139203
8139207
8139212
8139228
8139232
8139242
8139244
8139250
8139256
8139264
8139270
8139276
8139281
8139299
8139307
8139314
8139330
8139356
8139365
8139367
8139392
8139411
8139421
8139430
8139433
8139456
8139458
8139460
8139468
8139482
8139484
8139486
8139488
8139500
8139534
8139592
8139606
8139622
8139632
8139640
8139656
8139678
8139680
8139695
8139697
8139699
8139706
8139712
8139721
8139723
8139727
8139737
8139746
8139758
8139763
8139765
8139767
8139769
8139772
8139776
8139778
8139780
8139782
8139784
8139786
8139788
8139790
8139792
8139794
8139796
8139798
8139800
8139804
8139806
8139808
8139810
8139812
8139814
8139816
8139818
8139820
8139826
8139828
8139832
8139840
8139843
8139845
8139857
8139859
8139873
8139879
8139881
8139883
8139885
8139887
8139889
8139891
8139896
8139901
8139903
8139905
8139907
8139909
8139911
8139913
8139915
8139917
8139919
8139921
8139933
8139935
8139941
8139943
8139947
8139966
8139975
8139977
8139996
8140009
8140020
8140028
8140033
8140035
8140037
8140061
8140070
8140085
8140107
8140113
8140127
8140129
8140140
8140144
8140151
8140166
8140168
8140170
8140196
8140211
8140220
8140227
8140239
8140249
8140258
8140269
8140280
8140291
8140297
8140311
8140317
8140319
8140356
8140358
8140367
8140371
8140386
8140398
8140403
8140420
8140424
8140433
8140443
8140445
8140454
8140461
8140463
8140468
8140478
8140498
8140500
8140504
8140530
8140532
8140534
8140554
8140556
8140579
8140620
8140650
8140668
8140686
8140707
8140709
8140730
8140737
8140739
8140752
8140782
8140814
8140828
8140840
8140850
8140852
8140855
8140857
8140859
8140864
8140869
8140878
8140907
8140909
8140915
8140942
8140955
8140965
8140967
8140971
8140984
8140995
8141016
8141024
8141035
8141050
8141052
8141066
8141076
8141094
8141107
8141127
8141133
8141138
8141140
8141146
8141148
8141150
8141166
8141169
8141173
8141180
8141206
8141222
8141228
8141239
8141241
8141263
8141273
8141281
8141283
8141295
8141303
8141305
8141311
8141317
8141328
8141342
8141358
8141361
8141363
8141371
8141374
8141380
8141395
8141419
8141421
8141423
8141425
8141445
8141459
8141463
8141466
8141477
8141490
8141498
8141517
8141522
8141526
8141533
8141535
8141560
8141580
8141595
8141625
8141643
8141648
8141659
8141661
8141664
8141669
8141676
8141688
8141708
8141717
8141726
8141728
8141737
8141746
8141748
8141750
8141757
8141762
8141765
8141768
8141791
8141795
8141803
8141829
8141843
8141846
8141872
8141882
8141896
8141898
8141922
8141946
8141950
8142017
8142019
8142036
8142059
8142061
8142079
8142084
8142087
8142096
8142098
8142100
8142102
8142104
8142110
8142120
8142136
8142143
8142169
8142171
8142194
8142230
8142232
8142270
8142307
8142324
8142329
8142332
8142343
8142345
8142401
8142403
8142405
8142407
8142415
8142424
8142431
8142435
8142444
8142446
8142448
8142450
8142452
8142464
8142466
8142468
8142471
8142480
8142497
8142522
8142524
8142534
8142536
8142538
8142540
8142554
8142580
8142585
8142618
8142622
8142624
8142628
8142646
8142661
8142663
8142671
8142685
8142687
8142692
8142697
8142718
8142730
8142740
8142747
8142763
8142765
8142770
8142774
8142795
8142814
8142821
8142830
8142852
8142876
8142878
8142880
8142882
8142884
8142886
8142897
8142899
8142912
8142930
8142945
8142971
8142975
8142977
8142979
8142981
8142993
8142997
8143028
8143035
8143038
8143040
8143054
8143065
8143070
8143088
8143108
8143110
8143127
8143132
8143142
8143144
8143154
8143188
8143205
8143207
8143209
8143221
8143247
8143268
8143270
8143279
8143294
8143296
8143307
8143327
8143341
8143363
8143365
8143367
8143383
8143385
8143387
8143397
8143417
8143433
8143437
8143441
8143448
8143457
8143459
8143461
8143463
8143471
8143482
8143486
8143494
8143499
8143518
8143534
8143555
8143557
8143562
8143564
8143575
8143594
8143597
8143599
8143601
8143605
8143610
8143627
8143629
8143633
8143635
8143643
8143657
8143659
8143661
8143663
8143684
8143697
8143702
8143708
8143710
8143712
8143714
8143725
8143733
8143747
8143749
8143759
8143766
8143772
8143781
8143788
8143790
8143803
8143825
8143850
8143863
8143879
8143885
8143887
8143894
8143899
8143905
8143919
8143937
8143939
8143941
8143949
8143955
8143957
8143961
8143984
8143986
8143988
8144036
8144042
8144044
8144047
8144072
8144078
8144082
8144089
8144112
8144117
8144119
8144121
8144149
8144151
8144153
8144184
8144213
8144226
8144228
8144230
8144239
8144253
8144267
8144279
8144281
8144315
8144317
8144322
8144361
8144378
8144388
8144392
8144395
8144397
8144399
8144401
8144405
8144410
8144412
8144414
8144416
8144418
8144420
8144422
8144424
8144428
8144432
8144436
8144440
8144444
8144448
8144452
8144457
8144460
8144473
8144481
8144488
8144490
8144492
8144494
8144496
8144498
8144503
8144505
8144512
8144514
8144516
8144526
8144528
8144557
8144569
8144571
8144577
8144582
8144584
8144586
8144600
8144604
8144619
8144621
8144625
8144639
8144643
8144656
8144658
8144667
8144669
8144683
8144685
8144687
8144691
8144699
8144701
8144703
8144705
8144712
8144717
8144719
8144721
8144724
8144726
8144740
8144742
8144758
8144774
8144786
8144802
8144810
8144812
8144857
8144864
8144866
8144874
8144878
8144880
8144894
8144915
8144917
8144931
8144947
8144949
8144951
8144953
8144982
8144993
8144995
8145005
8145027
8145047
8145055
8145083
8145085
8145097
8145122
8145134
8145136
8145151
8145175
8145193
8145201
8145225
8145227
8145244
8145259
8145272
8145281
8145291
8145293
8145317
8145334
8145361
8145365
8145418
8145438
8145440
8145454
8145470
8145490
8145529
8145532
8145555
8145566
8145568
8145570
8145586
8145603
8145609
8145611
8145622
8145624
8145634
8145636
8145652
8145660
8145669
8145685
8145687
8145691
8145702
8145736
8145766
8145768
8145770
8145772
8145774
8145776
8145778
8145780
8145782
8145793
8145795
8145797
8145799
8145818
8145820
8145822
8145824
8145827
8145829
8145835
8145854
8145865
8145887
8145889
8145894
8145912
8145914
8145922
8145942
8145954
8145977
8145989
8146000
8146024
8146051
8146069
8146092
8146105
8146115
8146118
8146120
8146122
8146130
8146142
8146157
8146159
8146171
8146198
8146216
8146225
8146230
8146239
8146241
8146243
8146268
8146278
8146285
8146305
8146307
8146322
8146324
8146326
8146328
8146330
8146332
8146334
8146336
8146353
8146357
8146377
8146379
8146388
8146391
8146393
8146401
8146403
8146423
8146425
8146427
8146429
8146435
8146448
8146456
8146458
8146460
8146462
8146468
8146475
8146480
8146482
8146500
8146517
8146525
8146527
8146533
8146544
8146550
8146559
8146564
8146579
8146618
8146625
8146633
8146635
8146637
8146643
8146645
8146647
8146649
8146660
8146669
8146685
8146687
8146703
8146709
8146711
8146717
8146738
8146754
8146756
8146788
8146790
8146792
8146794
8146837
8146839
8146857
8146859
8146861
8146863
8146892
8146894
8146896
8146898
8146900
8146906
8146908
8146914
8146921
8146930
8146934
8146941
8146943
8146945
8146955
8146957
8146967
8146986
8147000
8147012
8147019
8147030
8147038
8147040
8147047
8147049
8147057
8147065
8147079
8147101
8147112
8147123
8147132
8147145
8147156
8147172
8147194
8147206
8147221
8147228
8147242
8147244
8147262
8147273
8147303
8147305
8147307
8147313
8147344
8147351
8147371
8147373
8147375
8147396
8147424
8147439
8147445
8147447
8147461
8147469
8147479
8147481
8147483
8147501
8147503
8147516
8147541
8147543
8147548
8147564
8147566
8147573
8147580
8147650
8147652
8147654
8147661
8147683
8147687
8147689
8147691
8147693
8147697
8147715
8147717
8147721
8147724
8147742
8147744
8147746
8147748
8147750
8147752
8147754
8147756
8147766
8147777
8147785
8147796
8147828
8147830
8147837
8147848
8147862
8147864
8147877
8147883
8147891
8147970
8147986
8147988
8147990
8147992
8147994
8148000
8148003
8148018
8148020
8148022
8148029
8148040
8148047
8148049
8148057
8148059
8148070
8148124
8148147
8148149
8148156
8148158
8148184
8148194
8148196
8148198
8148206
8148208
8148220
8148261
8148263
8148265
8148270
8148276
8148280
8148293
8148302
8148304
8148309
8148313
8148315
8148317
8148325
8148327
8148329
8148331
8148333
8148358
8148385
8148435
8148446
8148448
8148461
8148463
8148465
8148467
8148474
8148476
8148501
8148512
8148515
8148517
8148548
8148553
8148559
8148565
8148572
8148580
8148591
8148597
8148607
8148615
8148619
8148621
8148640
8148642
8148655
8148658
8148662
8148671
8148674
8148692
8148694
8148703
8148710
8148715
8148728
8148737
8148748
8148772
8148783
8148796
8148799
8148808
8148821
8148824
8148841
8148850
8148867
8148888
8148902
8148917
8148923
8148930
8148932
8148941
8148949
8148951
8148955
8148962
8148964
8148966
8148968
8148973
8148978
8148982
8148985
8148992
8149065
8149067
8149069
8149071
8149084
8149086
8149097
8149104
8149109
8149116
8149122
8149126
8149132
8149137
8149142
8149146
8149148
8149151
8149153
8149157
8149161
8149165
8149167
8149169
8149172
8149180
8149192
8149195
8149200
8149204
8149208
8149210
8149214
8149216
8149218
8149220
8149222
8149224
8149226
8149228
8149230
8149235
8149239
8149241
8149243
8149245
8149248
8149250
8149256
8149258
8149262
8149264
8149269
8149271
8149273
8149275
8149277
8149279
8149281
8149283
8149289
8149296
8149307
8149315
8149318
8149320
8149322
8149324
8149330
8149345
8149347
8149350
8149353
8149356
8149358
8149361
8149365
8149377
8149380
8149383
8149387
8149389
8149396
8149399
8149413
8149438
8149448
8149465
8149475
8149485
8149500
8149521
8149534
8149551
8149555
8149574
8149590
8149592
8149612
8149625
8149627
8149629
8149638
8149646
8149652
8149673
8149685
8149699
8149705
8149707
8149718
8149720
8149725
8149733
8149749
8149762
8149774
8149793
8149809
8149811
8149820
8149823
8149825
8149833
8149835
8149847
8149849
8149857
8149865
8149877
8149885
8149898
8149907
8149918
8149927
8149942
8149953
8149955
8149966
8149979
8149986
8150002
8150014
8150032
8150034
8150036
8150076
8150087
8150089
8150099
8150101
8150103
8150112
8150126
8150138
8150143
8150149
8150151
8150153
8150155
8150157
8150159
8150161
8150163
8150165
8150175
8150186
8150195
8150197
8150204
8150206
8150210
8150212
8150214
8150217
8150219
8150225
8150244
8150249
8150253
8150266
8150274
8150276
8150287
8150318
8150352
8150356
8150364
8150373
8150375
8150395
8150419
8150428
8150433
8150439
8150489
8150491
8150509
8150529
8150537
8150550
8150559
8150565
8150576
8150578
8150580
8150582
8150584
8150586
8150588
8150590
8150592
8150599
8150685
8150687
8150689
8150691
8150698
8150704
8150714
8150722
8150751
8150757
8150785
8150797
8150818
8150830
8150842
8150844
8150846
8150860
8150862
8150864
8150866
8150868
8150870
8150872
8150877
8150879
8150881
8150889
8150901
8150906
8150908
8150918
8150920
8150928
8150960
8150962
8150974
8150976
8150978
8150988
8151030
8151032
8151042
8151052
8151054
8151056
8151066
8151074
8151090
8151092
8151099
8151101
8151118
8151123
8151125
8151127
8151136
8151149
8151191
8151205
8151207
8151209
8151211
8151213
8151215
8151217
8151219
8151223
8151234
8151236
8151238
8151240
8151250
8151252
8151254
8151279
8151281
8151296
8151306
8151308
8151310
8151332
8151334
8151341
8151367
8151369
8151376
8151384
8151401
8151411
8151413
8151421
8151423
8151430
8151432
8151434
8151436
8151445
8151447
8151457
8151471
8151475
8151490
8151492
8151494
8151496
8151508
8151510
8151512
8151525
8151532
8151540
8151542
8151547
8151549
8151559
8151561
8151572
8151583
8151585
8151587
8151592
8151603
8151605
8151607
8151609
8151613
8151615
8151617
8151619
8151621
8151623
8151625
8151627
8151629
8151631
8151633
8151637
8151644
8151657
8151659
8151679
8151684
8151686
8151707
8151709
8151711
8151730
8151743
8151745
8151747
8151756
8151764
8151766
8151768
8151784
8151788
8151795
8151816
8151824
8151842
8151869
8151871
8151888
