7953977
7953979
7953981
7953993
7954006
7954008
7954010
7954012
7954021
7954029
7954036
7954055
7954061
7954063
7954065
7954071
7954077
7954090
7954098
7954100
7954102
7954104
7954124
7954132
7954136
7954143
7954173
7954185
7954196
7954206
7954208
7954240
7954243
7954245
7954277
7954279
7954291
7954293
7954310
7954312
7954330
7954344
7954356
7954375
7954377
7954382
7954388
7954398
7954407
7954419
7954434
7954436
7954460
7954465
7954469
7954481
7954488
7954490
7954492
7954503
7954511
7954527
7954551
7954559
7954589
7954591
7954602
7954604
7954613
7954631
7954645
7954653
7954655
7954690
7954692
7954695
7954697
7954699
7954701
7954711
7954717
7954729
7954752
7954775
7954777
7954783
7954785
7954787
7954789
7954794
7954810
7954864
7954899
7954926
7954938
7954940
7954961
7954963
7954965
7954969
7954985
7954995
7954997
7955019
7955043
7955045
7955055
7955063
7955074
7955076
7955078
7955107
7955110
7955112
7955117
7955119
7955129
7955132
7955135
7955140
7955142
7955156
7955168
7955170
7955179
7955184
7955195
7955211
7955217
7955231
7955248
7955250
7955277
7955290
7955297
7955305
7955317
7955331
7955348
7955358
7955361
7955376
7955417
7955419
7955421
7955423
7955425
7955433
7955441
7955448
7955450
7955462
7955464
7955469
7955502
7955533
7955535
7955551
7955562
7955578
7955589
7955606
7955613
7955624
7955635
7955637
7955646
7955663
7955694
7955702
7955719
7955721
7955729
7955736
7955768
7955777
7955787
7955797
7955810
7955817
7955829
7955845
7955852
7955855
7955858
7955863
7955865
7955869
7955873
7955887
7955890
7955896
7955906
7955908
7955943
7955963
7955974
7955979
7955981
7955983
7955985
7955987
7955989
7955991
7955993
7955995
7955997
7955999
7956001
7956003
7956005
7956007
7956009
7956013
7956018
7956026
7956031
7956038
7956044
7956046
7956076
7956088
7956097
7956105
7956114
7956120
7956152
7956159
7956162
7956166
7956200
7956211
7956220
7956229
7956242
7956251
7956257
7956261
7956269
7956271
7956279
7956281
7956285
7956287
7956301
7956395
7956399
7956401
7956417
7956419
7956423
7956426
7956430
7956443
7956470
7956488
7956522
7956524
7956539
7956551
7956573
7956593
7956613
7956623
7956631
7956639
7956648
7956658
7956668
7956670
7956697
7956737
7956739
7956741
7956743
7956747
7956749
7956759
7956783
7956785
7956795
7956819
7956826
7956838
7956842
7956856
7956867
7956876
7956878
7956892
7956894
7956908
7956910
7956930
7956937
7956949
7956978
7956987
7956989
7957006
7957008
7957023
7957032
7957041
7957043
7957052
7957072
7957092
7957106
7957126
7957140
7957159
7957161
7957167
7957177
7957186
7957205
7957221
7957242
7957245
7957253
7957260
7957271
7957273
7957275
7957277
7957298
7957338
7957351
7957373
7957379
7957386
7957404
7957417
7957431
7957433
7957452
7957458
7957467
7957476
7957478
7957495
7957497
7957499
7957503
7957508
7957510
7957514
7957528
7957530
7957532
7957534
7957536
7957540
7957549
7957551
7957560
7957568
7957570
7957602
7957604
7957606
7957608
7957611
7957613
7957627
7957629
7957631
7957633
7957649
7957654
7957665
7957673
7957688
7957715
7957733
7957735
7957737
7957746
7957759
7957790
7957793
7957806
7957819
7957833
7957835
7957850
7957861
7957890
7957954
7957956
7957958
7957960
7957962
7957966
7958000
7958011
7958015
7958017
7958019
7958031
7958051
7958056
7958128
7958130
7958147
7958152
7958158
7958174
7958197
7958200
7958202
7958207
7958209
7958211
7958216
7958253
7958262
7958273
7958275
7958305
7958331
7958346
7958352
7958375
7958377
7958379
7958396
7958398
7958410
7958414
7958423
7958425
7958439
7958453
7958455
7958466
7958524
7958532
7958565
7958577
7958582
7958600
7958620
7958644
7958666
7958677
7958692
7958711
7958724
7958726
7958749
7958759
7958761
7958784
7958800
7958819
7958826
7958828
7958842
7958844
7958846
7958860
7958884
7958895
7958913
7958931
7958942
7958948
7958950
7958960
7958989
7959002
7959010
7959012
7959014
7959016
7959023
7959025
7959039
7959052
7959070
7959078
7959080
7959085
7959087
7959100
7959102
7959108
7959123
7959131
7959144
7959146
7959148
7959153
7959157
7959164
7959173
7959195
7959205
7959212
7959220
7959232
7959234
7959249
7959251
7959267
7959282
7959292
7959294
7959298
7959312
7959314
7959322
7959330
7959354
7959361
7959386
7959402
7959408
7959473
7959482
7959484
7959500
7959535
7959549
7959563
7959572
7959574
7959586
7959597
7959604
7959621
7959623
7959638
7959657
7959681
7959696
7959751
7959761
7959772
7959775
7959777
7959786
7959807
7959818
7959823
7959825
7959827
7959834
7959848
7959850
7959856
7959880
7959882
7959891
7959893
7959921
7959925
7959927
7959946
7959957
7959986
7959995
7960052
7960054
7960068
7960088
7960099
7960117
7960124
7960131
7960134
7960143
7960150
7960158
7960165
7960172
7960177
7960201
7960221
7960253
7960259
7960261
7960280
7960283
7960320
7960331
7960338
7960340
7960355
7960357
7960359
7960362
7960365
7960370
7960381
7960383
7960397
7960407
7960411
7960427
7960434
7960436
7960438
7960464
7960512
7960514
7960516
7960518
7960529
7960544
7960553
7960559
7960575
7960594
7960635
7960637
7960642
7960654
7960666
7960682
7960689
7960700
7960702
7960709
7960716
7960728
7960730
7960744
7960757
7960764
7960771
7960794
7960813
7960815
7960817
7960819
7960821
7960828
7960832
7960846
7960848
7960850
7960861
7960863
7960865
7960874
7960878
7960881
7960889
7960894
7960896
7960898
7960900
7960910
7960919
7960933
7960942
7960947
7960984
7961022
7961024
7961026
7961031
7961059
7961067
7961069
7961075
7961083
7961091
7961097
7961102
7961111
7961120
7961142
7961151
7961166
7961173
7961175
7961182
7961187
7961198
7961208
7961215
7961230
7961239
7961243
7961245
7961249
7961252
7961259
7961269
7961275
7961279
7961281
7961285
7961287
7961291
7961293
7961295
7961298
7961300
7961306
7961320
7961339
7961363
7961365
7961371
7961381
7961386
7961390
7961399
7961413
7961418
7961420
7961422
7961438
7961440
7961453
7961455
7961483
7961489
7961503
7961507
7961514
7961524
7961532
7961540
7961546
7961569
7961571
7961580
7961593
7961595
7961602
7961604
7961622
7961624
7961626
7961652
7961654
7961673
7961693
7961702
7961710
7961755
7961757
7961767
7961798
7961820
7961829
7961844
7961865
7961873
7961875
7961887
7961889
7961891
7961900
7961960
7961962
7961964
7961983
7961998
7962000
7962013
7962029
7962058
7962083
7962085
7962112
7962137
7962139
7962146
7962151
7962181
7962183
7962185
7962194
7962197
7962199
7962201
7962203
7962212
7962226
7962236
7962238
7962240
7962242
7962246
7962248
7962250
7962274
7962312
7962325
7962327
7962341
7962343
7962345
7962347
7962349
7962358
7962367
7962375
7962384
7962427
7962441
7962455
7962479
7962481
7962487
7962489
7962499
7962516
7962537
7962557
7962559
7962579
7962588
7962590
7962608
7962623
7962625
7962659
7962689
7962703
7962760
7962783
7962792
7962794
7962804
7962811
7962827
7962829
7962831
7962842
7962869
7962884
7962893
7962895
7962904
7962916
7962918
7962930
7962935
7962951
7963009
7963020
7963024
7963046
7963052
7963054
7963061
7963064
7963084
7963092
7963121
7963134
7963137
7963139
7963142
7963157
7963174
7963187
7963201
7963203
7963206
7963208
7963210
7963212
7963233
7963235
7963244
7963261
7963263
7963265
7963280
7963289
7963304
7963313
7963328
7963333
7963348
7963353
7963359
7963366
7963375
7963386
7963396
7963406
7963410
7963421
7963427
7963438
7963448
7963459
7963471
7963479
7963491
7963502
7963513
7963523
7963534
7963545
7963555
7963567
7963575
7963577
7963588
7963590
7963614
7963631
7963646
7963664
7963670
7963689
7963696
7963698
7963713
7963721
7963739
7963741
7963750
7963758
7963760
7963768
7963770
7963774
7963786
7963817
7963826
7963837
7963845
7963851
7963863
7963865
7963869
7963878
7963880
7963911
7963923
7963935
7963946
7963965
7963970
7963986
7963988
7964021
7964033
7964064
7964076
7964089
7964119
7964142
7964145
7964177
7964183
7964203
7964234
7964246
7964248
7964250
7964260
7964262
7964271
7964285
7964292
7964300
7964303
7964316
7964347
7964360
7964388
7964400
7964413
7964436
7964460
7964466
7964484
7964499
7964522
7964535
7964548
7964555
7964575
7964577
7964579
7964592
7964594
7964596
7964598
7964602
7964625
7964627
7964629
7964631
7964640
7964642
7964646
7964658
7964660
7964665
7964675
7964677
7964685
7964687
7964699
7964701
7964718
7964720
7964722
7964733
7964736
7964739
7964745
7964757
7964759
7964785
7964787
7964795
7964803
7964810
7964828
7964830
7964832
7964834
7964846
7964852
7964868
7964870
7964872
7964907
7964927
7964937
7964976
7964979
7964981
7964983
7964985
7964987
7964997
7965022
7965036
7965038
7965040
7965048
7965060
7965064
7965090
7965094
7965108
7965110
7965112
7965123
7965150
7965152
7965154
7965156
7965166
7965200
7965206
7965224
7965226
7965231
7965245
7965249
7965264
7965322
7965335
7965343
7965357
7965359
7965384
7965390
7965398
7965403
7965410
7965423
7965429
7965431
7965436
7965467
7965469
7965471
7965478
7965480
7965484
7965486
7965508
7965510
7965515
7965523
7965541
7965565
7965573
7965587
7965589
7965606
7965627
7965650
7965652
7965671
7965673
7965675
7965677
7965679
7965681
7965686
7965721
7965723
7965746
7965760
7965767
7965769
7965787
7965789
7965800
7965812
7965836
7965838
7965840
7965842
7965846
7965855
7965867
7965871
7965873
7965884
7965900
7965916
7965918
7965935
7965941
7965956
7965964
7965976
7965979
7966003
7966026
7966035
7966046
7966052
7966068
7966070
7966072
7966089
7966098
7966122
7966127
7966135
7966148
7966150
7966172
7966181
7966183
7966189
7966202
7966213
7966223
7966225
7966227
7966229
7966234
7966257
7966259
7966266
7966268
7966293
7966299
7966301
7966315
7966321
7966332
7966343
7966345
7966356
7966368
7966379
7966389
7966397
7966425
7966427
7966441
7966448
7966462
7966488
7966517
7966534
7966542
7966568
7966570
7966594
7966596
7966600
7966621
7966631
7966638
7966666
7966668
7966684
7966686
7966688
7966690
7966706
7966738
7966746
7966749
7966760
7966779
7966810
7966829
7966839
7966851
7966876
7966878
7966929
7966938
7966996
7967002
7967021
7967025
7967028
7967030
7967032
7967034
7967039
7967056
7967060
7967067
7967072
7967082
7967084
7967089
7967091
7967107
7967109
7967117
7967127
7967149
7967175
7967193
7967202
7967210
7967212
7967226
7967230
7967240
7967255
7967287
7967304
7967318
7967322
7967325
7967331
7967337
7967358
7967386
7967412
7967418
7967420
7967452
7967454
7967456
7967463
7967473
7967486
7967493
7967544
7967563
7967586
7967588
7967620
7967622
7967624
7967636
7967641
7967654
7967656
7967658
7967660
7967685
7967698
7967700
7967702
7967705
7967707
7967709
7967711
7967727
7967736
7967789
7967792
7967794
7967810
7967841
7967863
7967868
7967870
7967872
7967874
7967876
7967879
7967881
7967896
7967898
7967900
7967933
7967967
7967969
7967976
7967987
7967993
7968000
7968002
7968004
7968015
7968029
7968035
7968052
7968056
7968062
7968085
7968126
7968128
7968132
7968154
7968195
7968197
7968199
7968212
7968226
7968232
7968234
7968236
7968242
7968252
7968254
7968260
7968265
7968270
7968272
7968274
7968295
7968297
7968307
7968323
7968329
7968331
7968333
7968344
7968351
7968361
7968370
7968389
7968411
7968417
7968484
7968514
7968516
7968556
7968563
7968577
7968630
7968632
7968637
7968650
7968653
7968658
7968670
7968678
7968703
7968711
7968732
7968734
7968746
7968759
7968761
7968787
7968789
7968796
7968798
7968800
7968835
7968851
7968866
7968872
7968883
7968890
7968892
7968898
7968911
7968913
7968915
7968926
7968928
7968931
7968957
7968962
7968970
7968972
7968976
7968999
7969003
7969017
7969048
7969050
7969058
7969060
7969091
7969093
7969096
7969114
7969129
7969143
7969145
7969151
7969153
7969166
7969171
7969177
7969179
7969192
7969202
7969204
7969222
7969228
7969241
7969243
7969256
7969263
7969271
7969286
7969288
7969298
7969300
7969306
7969312
7969318
7969324
7969330
7969339
7969341
7969358
7969360
7969364
7969366
7969368
7969370
7969372
7969374
7969390
7969414
7969424
7969426
7969428
7969438
7969472
7969477
7969479
7969482
7969488
7969493
7969531
7969533
7969544
7969559
7969563
7969565
7969567
7969569
7969574
7969576
7969596
7969609
7969611
7969613
7969626
7969638
7969640
7969651
7969665
7969671
7969675
7969677
7969693
7969701
7969703
7969736
7969768
7969770
7969772
7969774
7969776
7969792
7969794
7969796
7969815
7969828
7969830
7969835
7969861
7969879
7969881
7969914
7969916
7969933
7969935
7969955
7969959
7969975
7969977
7969979
7969986
7969995
7970031
7970033
7970082
7970084
7970096
7970111
7970139
7970146
7970150
7970158
7970162
7970194
7970232
7970241
7970251
7970262
7970287
7970301
7970317
7970325
7970329
7970347
7970370
7970376
7970381
7970388
7970390
7970392
7970395
7970404
7970413
7970426
7970428
7970439
7970441
7970448
7970455
7970467
7970473
7970498
7970507
7970509
7970511
7970513
7970524
7970542
7970546
7970563
7970565
7970567
7970569
7970577
7970595
7970597
7970602
7970622
7970624
7970648
7970655
7970672
7970674
7970676
7970681
7970691
7970696
7970702
7970704
7970716
7970727
7970732
7970735
7970737
7970763
7970793
7970804
7970806
7970810
7970828
7970831
7970840
7970842
7970844
7970858
7970864
7970887
7970892
7970905
7970907
7970922
7970924
7970945
7970947
7970949
7970954
7970973
7970975
7970989
7970999
7971013
7971015
7971027
7971039
7971071
7971075
7971077
7971104
7971122
7971124
7971126
7971134
7971150
7971159
7971161
7971163
7971165
7971167
7971177
7971184
7971191
7971197
7971208
7971216
7971218
7971222
7971239
7971241
7971243
7971246
7971294
7971296
7971311
7971335
7971345
7971350
7971359
7971361
7971367
7971369
7971373
7971375
7971386
7971388
7971400
7971415
7971417
7971419
7971422
7971444
7971461
7971482
7971484
7971486
7971511
7971513
7971526
7971535
7971537
7971539
7971541
7971550
7971561
7971563
7971565
7971573
7971590
7971602
7971615
7971620
7971640
7971642
7971644
7971653
7971659
7971661
7971663
7971669
7971671
7971690
7971692
7971711
7971713
7971723
7971727
7971731
7971757
7971780
7971800
7971813
7971820
7971838
7971850
7971858
7971860
7971862
7971864
7971866
7971899
7971901
7971903
7971905
7971911
7971913
7971915
7971920
7971922
7971931
7971933
7971935
7971937
7971950
7971965
7971967
7971996
7971998
7972001
7972003
7972016
7972018
7972021
7972044
7972053
7972055
7972062
7972069
7972157
7972173
7972175
7972177
7972180
7972190
7972215
7972217
7972223
7972225
7972229
7972231
7972237
7972239
7972247
7972251
7972253
7972255
7972257
7972259
7972269
7972287
7972289
7972291
7972297
7972334
7972336
7972365
7972367
7972369
7972414
7972416
7972418
7972420
7972426
7972428
7972438
7972442
7972444
7972461
7972487
7972546
7972548
7972557
7972561
7972563
7972565
7972567
7972570
7972577
7972579
7972601
7972650
7972661
7972663
7972665
7972670
7972672
7972674
7972682
7972692
7972699
7972709
7972711
7972713
7972723
7972733
7972735
7972737
7972743
7972745
7972748
7972750
7972803
7972805
7972808
7972810
7972826
7972828
7972840
7972867
7972888
7972890
7972899
7972902
7972912
7972921
7972923
7972932
7972936
7972946
7972973
7972977
7972979
7972981
7972983
7973002
7973004
7973006
7973008
7973010
7973012
7973014
7973016
7973018
7973020
7973022
7973024
7973026
7973028
7973030
7973032
7973034
7973036
7973054
7973056
7973067
7973078
7973080
7973082
7973084
7973093
7973098
7973101
7973105
7973108
7973110
7973114
7973116
7973135
7973142
7973149
7973156
7973158
7973182
7973185
7973214
7973221
7973296
7973298
7973303
7973306
7973314
7973327
7973336
7973350
7973352
7973363
7973369
7973371
7973377
7973384
7973393
7973403
7973414
7973427
7973433
7973444
7973446
7973448
7973458
7973468
7973510
7973530
7973545
7973564
7973580
7973584
7973611
7973613
7973618
7973629
7973652
7973660
7973679
7973694
7973702
7973709
7973724
7973727
7973732
7973743
7973745
7973748
7973752
7973754
7973756
7973770
7973797
7973813
7973820
7973826
7973838
7973840
7973850
7973865
7973867
7973869
7973871
7973873
7973875
7973894
7973896
7973898
7973900
7973902
7973918
7973924
7973936
7973943
7973946
7973948
7973962
7973966
7973968
7973970
7973972
7973974
7973983
7973985
7974008
7974027
7974029
7974047
7974052
7974054
7974066
7974080
7974090
7974109
7974117
7974125
7974146
7974164
7974166
7974190
7974192
7974194
7974198
7974207
7974212
7974214
7974229
7974245
7974247
7974249
7974253
7974255
7974257
7974270
7974288
7974303
7974314
7974316
7974335
7974337
7974339
7974341
7974352
7974363
7974366
7974372
7974380
7974387
7974402
7974404
7974418
7974425
7974445
7974447
7974455
7974461
7974471
7974473
7974479
7974481
7974483
7974531
7974533
7974542
7974562
7974564
7974566
7974576
7974585
7974587
7974603
7974617
7974619
7974621
7974647
7974653
7974687
7974689
7974695
7974697
7974725
7974737
7974771
7974781
7974793
7974799
7974811
7974814
7974816
7974835
7974851
7974870
7974882
7974895
7974900
7974902
7974912
7974914
7974916
7974920
7975045
7975066
7975068
7975076
7975081
7975095
7975113
7975121
7975136
7975154
7975167
7975191
7975203
7975222
7975224
7975238
7975268
7975282
7975284
7975292
7975309
7975311
7975324
7975344
7975354
7975361
7975368
7975386
7975390
7975404
7975406
7975408
7975410
7975412
7975416
7975453
7975455
7975457
7975459
7975482
7975506
7975521
7975545
7975562
7975595
7975598
7975602
7975607
7975613
7975616
7975626
7975630
7975632
7975645
7975661
7975676
7975687
7975694
7975696
7975702
7975705
7975713
7975725
7975747
7975760
7975770
7975772
7975779
7975787
7975793
7975799
7975813
7975815
7975851
7975863
7975876
7975889
7975901
7975924
7975926
7975932
7975956
7975971
7975976
7975987
7975989
7975995
7976000
7976012
7976037
7976053
7976055
7976057
7976059
7976061
7976063
7976065
7976067
7976069
7976073
7976080
7976084
7976101
7976126
7976128
7976146
7976148
7976152
7976154
7976156
7976158
7976160
7976182
7976187
7976189
7976200
7976216
7976239
7976241
7976243
7976261
7976263
7976292
7976307
7976322
7976333
7976336
7976350
7976402
7976407
7976412
7976425
7976436
7976443
7976451
7976481
7976488
7976496
7976506
7976512
7976515
7976523
7976544
7976552
7976554
7976556
7976560
7976567
7976571
7976576
7976578
7976598
7976621
7976635
7976642
7976646
7976648
7976667
7976669
7976681
7976698
7976724
7976726
7976744
7976755
7976766
7976778
7976783
7976795
7976804
7976806
7976808
7976810
7976812
7976814
7976816
7976818
7976826
7976828
7976830
7976832
7976834
7976836
7976838
7976840
7976842
7976844
7976846
7976848
7976850
7976852
7976854
7976856
7976858
7976863
7976874
7976876
7976957
7976967
7976976
7977003
7977016
7977018
7977033
7977046
7977058
7977075
7977077
7977103
7977105
7977117
7977119
7977125
7977127
7977149
7977161
7977201
7977203
7977214
7977216
7977234
7977241
7977249
7977270
7977273
7977288
7977294
7977296
7977299
7977319
7977331
7977340
7977344
7977371
7977373
7977397
7977409
7977418
7977432
7977435
7977438
7977440
7977445
7977447
7977450
7977452
7977454
7977456
7977472
7977474
7977476
7977478
7977480
7977482
7977497
7977507
7977511
7977567
7977571
7977584
7977592
7977596
7977598
7977606
7977609
7977611
7977613
7977615
7977621
7977642
7977646
7977653
7977655
7977657
7977674
7977693
7977732
7977734
7977736
7977749
7977761
7977767
7977771
7977773
7977775
7977780
7977782
7977784
7977786
7977801
7977803
7977820
7977841
7977854
7977868
7977879
7977888
7977906
7977928
7977933
7977951
7977953
7977955
7977965
7977978
7977987
7978019
7978021
7978054
7978056
7978059
7978064
7978066
7978093
7978103
7978107
7978114
7978123
7978132
7978166
7978174
7978187
7978192
7978201
7978208
7978222
7978239
7978260
7978272
7978285
7978312
7978329
7978331
7978335
7978343
7978351
7978360
7978366
7978376
7978389
7978391
7978401
7978403
7978405
7978407
7978428
7978449
7978492
7978527
7978534
7978536
7978538
7978542
7978544
7978553
7978558
7978568
7978570
7978586
7978595
7978626
7978628
7978644
7978653
7978662
7978664
7978666
7978676
7978686
7978690
7978692
7978704
7978706
7978710
7978712
7978718
7978739
7978748
7978754
7978756
7978760
7978766
7978776
7978793
7978795
7978801
7978822
7978824
7978831
7978833
7978838
7978846
7978866
7978905
7978909
7978911
7978917
7978923
7978932
7978956
7978970
7978997
7979031
7979033
7979042
7979044
7979085
7979108
7979125
7979127
7979129
7979131
7979133
7979158
7979179
7979196
7979204
7979223
7979241
7979250
7979260
7979269
7979281
7979307
7979328
7979341
7979351
7979355
7979357
7979365
7979367
7979378
7979387
7979398
7979400
7979412
7979414
7979416
7979426
7979437
7979444
7979455
7979473
7979483
7979505
7979510
7979516
7979524
7979529
7979548
7979551
7979565
7979572
7979574
7979583
7979611
7979615
7979658
7979663
7979671
7979689
7979691
7979694
7979696
7979698
7979710
7979721
7979725
7979730
7979732
7979741
7979743
7979755
7979757
7979800
7979802
7979804
7979806
7979808
7979811
7979813
7979820
7979824
7979849
7979862
7979864
7979870
7979876
7979878
7979886
7979888
7979902
7979904
7979906
7979916
7979925
7979927
7979931
7979943
7979957
7979959
7979961
7979963
7979980
7979982
7979984
7979999
7980001
7980003
7980005
7980024
7980044
7980051
7980065
7980069
7980080
7980096
7980098
7980113
7980115
7980140
7980142
7980146
7980152
7980189
7980213
7980219
7980233
7980246
7980265
7980271
7980296
7980304
7980306
7980309
7980316
7980327
7980338
7980344
7980350
7980352
7980358
7980381
7980390
7980401
7980403
7980425
7980438
7980452
7980454
7980463
7980477
7980481
7980485
7980496
7980523
7980535
7980537
7980547
7980574
7980576
7980578
7980580
7980603
7980605
7980616
7980636
7980680
7980688
7980690
7980700
7980702
7980718
7980720
7980742
7980744
7980765
7980773
7980828
7980833
7980859
7980861
7980889
7980891
7980906
7980908
7980923
7980940
7980955
7980958
7980970
7980983
7980990
7980998
7981011
7981013
7981020
7981032
7981046
7981051
7981059
7981065
7981068
7981078
7981084
7981098
7981106
7981111
7981142
7981157
7981161
7981181
7981183
7981190
7981192
7981215
7981217
7981233
7981235
7981237
7981240
7981242
7981249
7981266
7981273
7981278
7981283
7981288
7981290
7981309
7981317
7981320
7981322
7981324
7981326
7981333
7981335
7981346
7981364
7981373
7981375
7981377
7981383
7981385
7981387
7981425
7981427
7981439
7981447
7981460
7981481
7981486
7981488
7981490
7981494
7981512
7981514
7981523
7981525
7981530
7981538
7981566
7981573
7981601
7981708
7981714
7981718
7981720
7981722
7981724
7981726
7981728
7981730
7981732
7981737
7981740
7981742
7981745
7981748
7981750
7981752
7981771
7981773
7981775
7981777
7981779
7981781
7981783
7981785
7981787
7981798
7981824
7981859
7981872
7981874
7981893
7981895
7981909
7981911
7981917
7981919
7981943
7981945
7981947
7981949
7981951
7981953
7981955
7981958
7981960
7981962
7981964
7981966
7981968
7981970
7981972
7981974
7981976
7981978
7981980
7981982
7981984
7981986
7981988
7981990
7981992
7981994
7981996
7981998
7982000
7982002
7982004
7982006
7982008
7982010
7982012
7982014
7982016
7982018
7982020
7982022
7982024
7982026
7982028
7982030
7982032
7982034
7982036
7982038
7982040
7982042
7982044
7982046
7982048
7982050
7982052
7982054
7982056
7982058
7982060
7982062
7982064
7982066
7982068
7982070
7982072
7982074
7982076
7982078
7982080
7982082
7982084
7982086
7982088
7982090
7982092
7982094
7982096
7982098
7982100
7982102
7982117
7982127
7982129
7982131
7982152
7982154
7982185
7982187
7982204
7982206
7982228
7982230
7982248
7982250
7982252
7982254
7982256
7982267
7982269
7982271
7982282
7982284
7982287
7982290
7982292
7982294
7982299
7982307
7982309
7982326
7982333
7982335
7982337
7982339
7982341
7982348
7982350
7982356
7982358
7982366
7982375
7982377
7982388
7982390
7982392
7982495
7982497
7982504
7982507
7982514
7982516
7982527
7982529
7982531
7982533
7982535
7982550
7982552
7982564
7982574
7982587
7982591
7982593
7982597
7982620
7982661
7982663
7982688
7982703
7982712
7982723
7982738
7982745
7982751
7982753
7982757
7982792
7982805
7982810
7982812
7982829
7982845
7982854
7982868
7982876
7982878
7982889
7982904
7982927
7982935
7982938
7982955
7982957
7982985
7983021
7983051
7983054
7983111
7983123
7983132
7983143
7983145
7983157
7983173
7983189
7983191
7983206
7983228
7983239
7983252
7983254
7983256
7983270
7983272
7983274
7983290
7983298
7983306
7983321
7983335
7983350
7983360
7983365
7983377
7983379
7983381
7983391
7983393
7983405
7983413
7983447
7983469
7983478
7983490
7983500
7983502
7983512
7983523
7983525
7983527
7983553
7983564
7983594
7983606
7983614
7983616
7983630
7983638
7983648
7983650
7983661
7983663
7983677
7983679
7983704
7983718
7983734
7983744
7983761
7983763
7983771
7983773
7983775
7983777
7983779
7983811
7983826
7983828
7983841
7983843
7983867
7983890
7983910
7983922
7983924
7983926
7983928
7983938
7983940
7983951
7983953
7983969
7983979
7983985
7983987
7983989
7983991
7984001
7984008
7984011
7984014
7984016
7984019
7984077
7984079
7984103
7984112
7984124
7984132
7984152
7984155
7984174
7984188
7984190
7984203
7984213
7984215
7984217
7984227
7984245
7984253
7984255
7984257
7984259
7984261
7984263
7984276
7984289
7984298
7984317
7984319
7984330
7984353
7984364
7984380
7984405
7984408
7984436
7984453
7984470
7984475
7984488
7984511
7984517
7984524
7984538
7984540
7984562
7984567
7984569
7984588
7984606
7984620
7984622
7984624
7984626
7984631
7984635
7984641
7984660
7984662
7984684
7984686
7984704
7984736
7984743
7984759
7984771
7984779
7984799
7984802
7984813
7984819
7984843
7984846
7984862
7984871
7984892
7984908
7984914
7984922
7984932
7984943
7984952
7984961
7984983
7984985
7984987
7984989
7985001
7985016
7985023
7985025
7985030
7985032
7985034
7985037
7985039
7985044
7985053
7985066
7985080
7985087
7985089
7985099
7985117
7985119
7985130
7985134
7985147
7985159
7985166
7985192
7985200
7985202
7985213
7985221
7985224
7985226
7985233
7985236
7985238
7985240
7985248
7985253
7985257
7985259
7985266
7985268
7985285
7985308
7985310
7985317
7985349
7985352
7985364
7985398
7985402
7985409
7985416
7985418
7985431
7985442
7985444
7985450
7985457
7985459
7985472
7985480
7985482
7985488
7985493
7985507
7985522
7985553
7985555
7985560
7985562
7985569
7985571
7985577
7985587
7985605
7985620
7985636
7985662
7985688
7985690
7985695
7985741
7985752
7985757
7985765
7985767
7985777
7985786
7985809
7985829
7985871
7985873
7985898
7985918
7985920
7985924
7985930
7985932
7985934
7985959
7985963
7985981
7985983
7985997
7985999
7986001
7986004
7986010
7986049
7986068
7986092
7986110
7986132
7986160
7986186
7986195
7986214
7986229
7986239
7986246
7986248
7986250
7986291
7986293
7986323
7986325
7986327
7986329
7986336
7986338
7986340
7986346
7986348
7986350
7986359
7986383
7986385
7986394
7986407
7986411
7986426
7986428
7986433
7986442
7986444
7986446
7986463
7986501
7986503
7986509
7986512
7986515
7986517
7986520
7986522
7986525
7986527
7986530
7986532
7986534
7986536
7986541
7986561
7986563
7986565
7986567
7986569
7986598
7986601
7986603
7986605
7986627
7986629
7986633
7986635
7986637
7986639
7986642
7986661
7986665
7986675
7986685
7986687
7986701
7986736
7986739
7986741
7986744
7986755
7986757
7986763
7986765
7986767
7986769
7986789
7986820
7986822
7986836
7986838
7986863
7986922
7986943
7986945
7986947
7986960
7986969
7986975
7986977
7987010
7987012
7987025
7987027
7987046
7987048
7987066
7987068
7987097
7987099
7987110
7987112
7987114
7987135
7987137
7987139
7987145
7987163
7987165
7987172
7987180
7987192
7987225
7987230
7987248
7987279
7987308
7987310
7987315
7987325
7987361
7987365
7987369
7987379
7987381
7987385
7987403
7987405
7987426
7987439
7987449
7987454
7987464
7987466
7987468
7987470
7987472
7987475
7987511
7987526
7987534
7987536
7987554
7987565
7987572
7987574
7987584
7987623
7987634
7987636
7987642
7987648
7987650
7987675
7987701
7987772
7987780
7987792
7987815
7987840
7987869
7987892
7987916
7987926
7987928
7987960
7987981
7988031
7988033
7988050
7988064
7988077
7988082
7988091
7988093
7988124
7988132
7988163
7988175
7988177
7988206
7988208
7988212
7988227
7988245
7988258
7988260
7988281
7988283
7988286
7988327
7988342
7988344
7988346
7988348
7988350
7988380
7988400
7988410
7988412
7988414
7988424
7988426
7988438
7988440
7988442
7988444
7988465
7988467
7988537
7988563
7988581
7988601
7988603
7988605
7988623
7988625
7988644
7988672
7988685
7988687
7988703
7988705
7988713
7988753
7988763
7988767
7988789
7988833
7988838
7988852
7988859
7988876
7988921
7988963
7988970
7988987
7988990
7989013
7989023
7989037
7989055
7989069
7989073
7989094
7989126
7989128
7989130
7989132
7989144
7989146
7989157
7989159
7989193
7989195
7989197
7989199
7989216
7989218
7989220
7989224
7989243
7989245
7989249
7989251
7989253
7989277
7989307
7989309
7989311
7989313
7989315
7989323
7989335
7989347
7989365
7989387
7989473
7989476
7989487
7989489
7989491
7989493
7989501
7989516
7989596
7989611
7989617
7989619
7989628
7989647
7989657
7989659
7989661
7989670
7989680
7989696
7989708
7989718
7989725
7989735
7989750
7989759
7989768
7989770
7989785
7989806
7989832
7989834
7989849
7989883
7989885
7989887
7989915
7989922
7989924
7989932
7989937
7989951
7989953
7989968
7989975
7989985
7990020
7990027
7990029
7990031
7990033
7990054
7990078
7990080
7990086
7990090
7990092
7990138
7990151
7990165
7990191
7990211
7990227
7990231
7990244
7990253
7990269
7990273
7990283
7990307
7990309
7990333
7990345
7990361
7990377
7990379
7990391
7990400
7990417
7990429
7990436
7990442
7990452
7990457
7990487
7990511
7990528
7990540
7990545
7990555
7990564
7990566
7990582
7990616
7990618
7990620
7990632
7990636
7990643
7990652
7990654
7990657
7990672
7990674
7990683
7990700
7990712
7990714
7990729
7990736
7990755
7990757
7990774
7990806
7990808
7990810
7990815
7990818
7990825
7990827
7990830
7990839
7990848
7990873
7990879
7990892
7990894
7990898
7990902
7990914
7990916
7990922
7990928
7990941
7990943
7990949
7990952
7990963
7990965
7990971
7990987
7991017
7991019
7991034
7991047
7991049
7991057
7991070
7991080
7991086
7991088
7991104
7991106
7991110
7991120
7991126
7991138
7991143
7991153
7991155
7991157
7991159
7991169
7991171
7991173
7991182
7991184
7991186
7991209
7991214
7991216
7991224
7991234
7991246
7991258
7991283
7991296
7991313
7991323
7991332
7991335
7991357
7991367
7991374
7991386
7991395
7991399
7991401
7991406
7991425
7991427
7991451
7991453
7991459
7991465
7991467
7991469
7991478
7991485
7991501
7991503
7991512
7991516
7991540
7991542
7991546
7991562
7991564
7991566
7991577
7991581
7991587
7991598
7991602
7991630
7991638
7991640
7991661
7991663
7991665
7991668
7991695
7991714
7991722
7991731
7991735
7991742
7991750
7991754
7991758
7991762
7991766
7991770
7991772
7991777
7991779
7991800
7991809
7991815
7991828
7991835
7991837
7991846
7991860
7991877
7991893
7991898
7991904
7991917
7991927
7991932
7991939
7991989
7992010
7992021
7992032
7992038
7992043
7992049
7992067
7992071
7992092
7992121
7992125
7992131
7992136
7992140
7992145
7992147
7992181
7992191
7992197
7992205
7992219
7992255
7992269
7992271
7992293
7992302
7992337
7992347
7992379
7992388
7992396
7992402
7992409
7992414
7992439
7992447
7992458
7992460
7992463
7992474
7992516
7992518
7992529
7992552
7992568
7992584
7992594
7992614
7992632
7992639
7992646
7992656
7992670
7992678
7992682
7992685
7992692
7992716
7992722
7992732
7992737
7992742
7992744
7992756
7992758
7992775
7992782
7992789
7992795
7992811
7992828
7992841
7992843
7992845
7992854
7992861
7992863
7992865
7992867
7992870
7992877
7992887
7992889
7992891
7992893
7992895
7992897
7992905
7992917
7992934
7992954
7992956
7992967
7992973
7992987
7992996
7992998
7993017
7993019
7993024
7993035
7993054
7993071
7993083
7993108
7993110
7993112
7993114
7993126
7993146
7993148
7993157
7993159
7993165
7993167
7993179
7993181
7993183
7993185
7993195
7993223
7993248
7993255
7993257
7993259
7993265
7993267
7993274
7993281
7993296
7993298
7993310
7993335
7993337
7993339
7993341
7993349
7993359
7993369
7993371
7993404
7993433
7993451
7993453
7993458
7993467
7993478
7993511
7993546
7993580
7993586
7993588
7993606
7993608
7993622
7993624
7993632
7993638
7993664
7993680
7993713
7993726
7993737
7993754
7993756
7993774
7993776
7993798
7993800
7993807
7993815
7993821
7993825
7993831
7993833
7993846
7993848
7993872
7993889
7993898
7993935
7993946
7993973
7993999
7994006
7994026
7994052
7994058
7994074
7994091
7994093
7994095
7994102
7994109
7994123
7994131
7994152
7994161
7994187
7994216
7994235
7994237
7994252
7994260
7994265
7994267
7994269
7994280
7994292
7994308
7994339
7994341
7994343
7994345
7994350
7994353
7994362
7994371
7994386
7994415
7994445
7994463
7994487
7994506
7994518
7994535
7994541
7994559
7994565
7994570
7994572
7994576
7994582
7994603
7994609
7994615
7994620
7994637
7994647
7994655
7994659
7994675
7994683
7994692
7994715
7994730
7994737
7994756
7994769
7994781
7994804
7994813
7994817
7994824
7994826
7994858
7994874
7994889
7994926
7994928
7994939
7994961
7994967
7994981
7994985
7995007
7995017
7995030
7995033
7995040
7995055
7995069
7995088
7995096
7995128
7995161
7995193
7995206
7995222
7995237
7995242
7995252
7995258
7995263
7995267
7995275
7995282
7995292
7995306
7995308
7995310
7995312
7995320
7995322
7995324
7995326
7995328
7995330
7995332
7995334
7995336
7995338
7995340
7995342
7995344
7995346
7995348
7995350
7995352
7995354
7995362
7995377
7995379
7995382
7995417
7995419
7995421
7995438
7995440
7995442
7995448
7995456
7995477
7995479
7995492
7995523
7995525
7995539
7995552
7995574
7995580
7995583
7995627
7995629
7995631
7995655
7995668
7995674
7995681
7995697
7995712
7995714
7995729
7995739
7995755
7995772
7995776
7995783
7995787
7995793
7995797
7995803
7995806
7995813
7995820
7995825
7995829
7995834
7995838
7995843
7995866
7995868
7995895
7995907
7995926
7995976
7995994
7996012
7996022
7996027
7996034
7996041
7996051
7996064
7996081
7996100
7996117
7996137
7996160
7996164
7996174
7996185
7996198
7996211
7996219
7996239
7996241
7996252
7996256
7996258
7996260
7996264
7996281
7996286
7996288
7996290
7996313
7996318
7996331
7996341
7996345
7996361
7996377
7996391
7996393
7996403
7996423
7996430
7996448
7996455
7996468
7996490
7996498
7996516
7996546
7996563
7996569
7996571
7996593
7996608
7996647
7996651
7996654
7996675
7996677
7996685
7996715
7996720
7996725
7996744
7996759
7996761
7996772
7996785
7996805
7996807
7996819
7996837
7996860
7996879
7996883
7996891
7996908
7996917
7996919
7996934
7996943
7996945
7996947
7996954
7996976
7997008
7997010
7997025
7997032
7997048
7997059
7997072
7997099
7997128
7997135
7997137
7997139
7997152
7997158
7997164
7997166
7997168
7997179
7997188
7997192
7997197
7997226
7997228
7997230
7997239
7997245
7997247
7997257
7997264
7997272
7997281
7997289
7997319
7997321
7997332
7997336
7997346
7997352
7997372
7997374
7997381
7997396
7997401
7997414
7997427
7997453
7997489
7997491
7997498
7997500
7997502
7997504
7997520
7997525
7997533
7997542
7997556
7997569
7997582
7997593
7997626
7997633
7997642
7997662
7997676
7997680
7997700
7997702
7997712
7997724
7997726
7997731
7997733
7997735
7997738
7997740
7997746
7997755
7997765
7997767
7997779
7997801
7997808
7997810
7997827
7997829
7997832
7997839
7997852
7997861
7997863
7997875
7997880
7997896
7997904
7997907
7997909
7997933
7997940
7997942
7997962
7997976
7997982
7998002
7998015
7998033
7998053
7998055
7998063
7998072
7998083
7998103
7998115
7998117
7998119
7998129
7998136
7998157
7998174
7998190
7998211
7998222
7998233
7998249
7998251
7998265
7998267
7998280
7998297
7998307
7998336
7998351
7998367
7998374
7998381
7998392
7998399
7998405
7998407
7998414
7998427
7998434
7998444
7998449
7998457
7998466
7998485
7998494
7998510
7998538
7998542
7998577
7998585
7998590
7998601
7998604
7998615
7998629
7998634
7998637
7998643
7998655
7998664
7998666
7998668
7998679
7998692
7998700
7998722
7998724
7998749
7998759
7998762
7998774
7998784
7998817
7998820
7998823
7998825
7998835
7998841
7998843
7998852
7998861
7998872
7998878
7998886
7998898
7998902
7998910
7998921
7998927
7998929
7998931
7998940
7998952
7998959
7998961
7998963
7998965
7998967
7998978
7998983
7999008
7999023
7999025
7999044
7999079
7999093
7999102
7999112
7999120
7999149
7999160
7999171
7999173
7999177
7999196
7999206
7999217
7999233
7999253
7999279
7999291
7999304
7999315
7999317
7999319
7999326
7999356
7999360
7999362
7999364
7999382
7999384
7999387
7999396
7999404
7999406
7999408
7999410
7999412
7999419
7999423
7999427
7999431
7999433
7999435
7999440
7999447
7999468
7999476
7999478
7999496
7999520
7999532
7999547
7999550
7999553
7999560
7999562
7999588
7999591
7999594
7999596
7999598
7999608
7999614
7999634
7999642
7999674
7999718
7999725
7999727
7999750
7999752
7999754
7999766
7999769
7999791
7999827
7999834
7999841
7999884
7999886
7999889
7999903
7999909
7999916
7999920
7999936
7999952
7999965
7999981
7999999
8000001
8000003
8000013
8000028
8000034
8000097
8000117
8000131
8000156
8000167
8000184
8000192
8000200
8000205
8000217
8000222
8000229
8000236
8000244
8000263
8000284
8000310
8000323
8000329
8000346
8000369
8000371
8000375
8000399
8000407
8000409
8000411
8000413
8000425
8000465
8000467
8000480
8000482
8000501
8000507
8000537
8000543
8000567
8000574
8000582
8000590
8000600
8000603
8000614
8000616
8000632
8000634
8000636
8000638
8000649
8000651
8000676
8000687
8000690
8000692
8000700
8000702
8000706
8000716
8000738
8000746
8000748
8000757
8000772
8000779
8000791
8000799
8000811
8000823
8000834
8000848
8000856
8000869
8000882
8000884
8000890
8000897
8000899
8000903
8000906
8000910
8000917
8000924
8000928
8000930
8000932
8000941
8000945
8000948
8000957
8000963
8000974
8000978
8000998
8001007
8001014
8001030
8001037
8001041
8001046
8001048
8001064
8001067
8001070
8001072
8001082
8001099
8001102
8001104
8001108
8001111
8001113
8001131
8001133
8001147
8001149
8001163
8001178
8001183
8001185
8001197
8001211
8001231
8001233
8001235
8001271
8001306
8001317
8001325
8001327
8001329
8001337
8001348
8001350
8001371
8001373
8001385
8001387
8001392
8001394
8001402
8001410
8001423
8001449
8001455
8001457
8001464
8001477
8001496
8001507
8001529
8001531
8001535
8001537
8001547
8001552
8001564
8001576
8001587
8001615
8001651
8001656
8001658
8001666
8001680
8001682
8001691
8001693
8001746
8001748
8001750
8001764
8001776
8001780
8001782
8001784
8001798
8001800
8001816
8001818
8001830
8001841
8001858
8001876
8001898
8001918
8001924
8001932
8001938
8001946
8001953
8001971
8001981
8002005
8002018
8002020
8002027
8002029
8002041
8002051
8002057
8002072
8002082
8002087
8002102
8002104
8002121
8002133
8002143
8002152
8002181
8002194
8002209
8002211
8002216
8002218
8002237
8002245
8002247
8002249
8002260
8002262
8002264
8002266
8002270
8002272
8002283
8002289
8002301
8002303
8002312
8002320
8002322
8002333
8002342
8002344
8002347
8002370
8002379
8002381
8002403
8002421
8002444
8002446
8002470
8002481
8002492
8002523
8002533
8002547
8002556
8002571
8002590
8002592
8002618
8002629
8002660
8002667
8002692
8002706
8002711
8002713
8002729
8002758
8002760
8002762
8002778
8002792
8002802
8002830
8002845
8002854
8002865
8002878
8002882
8002891
8002897
8002904
8002919
8002937
8002939
8002941
8002967
8002969
8002975
8002987
8002992
8002999
8003007
8003056
8003060
8003066
8003068
8003075
8003077
8003087
8003089
8003116
8003125
8003145
8003149
8003156
8003158
8003171
8003180
8003193
8003204
8003210
8003217
8003226
8003228
8003230
8003233
8003243
8003249
8003263
8003283
8003298
8003313
8003318
8003322
8003332
8003344
8003348
8003357
8003401
8003410
8003425
8003444
8003448
8003465
8003467
8003478
8003484
8003503
8003553
8003560
8003566
8003571
8003576
8003578
8003583
8003599
8003601
8003605
8003607
8003611
8003619
8003621
8003627
8003633
8003635
8003639
8003656
8003667
8003679
8003700
8003719
8003722
8003733
8003758
8003769
8003771
8003773
8003800
8003802
8003804
8003806
8003808
8003810
8003812
8003814
8003824
8003840
8003844
8003846
8003848
8003850
8003857
8003859
8003861
8003875
8003889
8003892
8003903
8003922
8003926
8003939
8003948
8003953
8003962
8003991
8004024
8004030
8004043
8004057
8004081
8004086
8004111
8004133
8004144
8004152
8004165
8004167
8004175
8004184
8004195
8004201
8004219
8004221
8004237
8004241
8004247
8004255
8004266
8004271
8004293
8004309
8004325
8004331
8004360
8004364
8004372
8004385
8004394
8004400
8004404
8004408
8004416
8004428
8004431
8004464
8004485
8004497
8004506
8004508
8004510
8004521
8004532
8004534
8004545
8004556
8004571
8004580
8004671
8004691
8004694
8004699
8004741
8004763
8004784
8004802
8004804
8004832
8004842
8004859
8004861
8004867
8004880
8004889
8004905
8004922
8004938
8004940
8004946
8004948
8004955
8004957
8005029
8005043
8005048
8005064
8005089
8005097
8005102
8005104
8005106
8005110
8005117
8005132
8005134
8005141
8005153
8005155
8005157
8005166
8005171
8005191
8005200
8005202
8005204
8005221
8005223
8005225
8005231
8005233
8005235
8005243
8005245
8005247
8005260
8005265
8005267
8005289
8005305
8005313
8005328
8005397
8005399
8005407
8005433
8005435
8005441
8005444
8005446
8005449
8005458
8005471
8005473
8005475
8005483
8005501
8005510
8005512
8005529
8005547
8005549
8005553
8005555
8005557
8005574
8005576
8005586
8005601
8005603
8005626
8005628
8005630
8005632
8005634
8005636
8005638
8005655
8005657
8005659
8005661
8005679
8005683
8005685
8005687
8005689
8005695
8005697
8005699
8005707
8005726
8005733
8005736
8005739
8005743
8005745
8005747
8005749
8005751
8005753
8005755
8005757
8005759
8005761
8005763
8005765
8005777
8005785
8005809
8005814
8005829
8005833
8005836
8005839
8005847
8005857
8005865
8005877
8005879
8005894
8005903
8005943
8005951
8005953
8005955
8005957
8005959
8005978
8005992
8005994
8006005
8006019
8006028
8006030
8006052
8006063
8006081
8006083
8006085
8006112
8006119
8006121
8006123
8006148
8006161
8006170
8006181
8006183
8006187
8006214
8006227
8006229
8006237
8006239
8006296
8006298
8006317
8006319
8006321
8006323
8006325
8006336
8006345
8006367
8006377
8006392
8006409
8006415
8006423
8006433
8006440
8006445
8006453
8006459
8006466
8006477
8006479
8006502
8006504
8006509
8006531
8006540
8006542
8006562
8006569
8006573
8006590
8006592
8006594
8006602
8006606
8006608
8006621
8006627
8006634
8006638
8006655
8006668
8006679
8006681
8006690
8006706
8006715
8006736
8006744
8006746
8006762
8006768
8006779
8006786
8006788
8006812
8006820
8006834
8006836
8006845
8006850
8006865
8006877
8006896
8006900
8006906
8006940
8006958
8006968
8006984
8006999
8007008
8007023
8007028
8007043
8007058
8007069
8007071
8007084
8007100
8007108
8007112
8007115
8007118
8007123
8007127
8007130
8007134
8007139
8007141
8007148
8007152
8007154
8007169
8007176
8007188
8007197
8007208
8007212
8007228
8007250
8007259
8007263
8007272
8007290
8007302
8007310
8007312
8007323
8007348
8007355
8007363
8007388
8007397
8007414
8007420
8007427
8007429
8007435
8007441
8007446
8007454
8007462
8007471
8007483
8007493
8007497
8007499
8007501
8007503
8007505
8007530
8007537
8007548
8007550
8007561
8007569
8007584
8007594
8007603
8007605
8007607
8007620
8007637
8007641
8007643
8007651
8007673
8007675
8007701
8007707
8007715
8007730
8007745
8007750
8007757
8007790
8007794
8007797
8007799
8007803
8007808
8007826
8007828
8007846
8007848
8007850
8007865
8007867
8007883
8007885
8007895
8007902
8007904
8007917
8007919
8007921
8007931
8007949
8007976
8007990
8007992
8008016
8008029
8008038
8008040
8008049
8008052
8008064
8008074
8008087
8008096
8008110
8008113
8008130
8008132
8008139
8008151
8008170
8008172
8008185
8008195
8008201
8008208
8008213
8008228
8008237
8008263
8008277
8008289
8008297
8008310
8008321
8008339
8008350
8008372
8008388
8008409
8008454
8008491
8008493
8008511
8008517
8008530
8008540
8008544
8008547
8008564
8008566
8008588
8008596
8008598
8008609
8008627
8008629
8008644
8008646
8008662
8008664
8008682
8008700
8008702
8008704
8008706
8008711
8008716
8008718
8008723
8008736
8008754
8008768
8008778
8008780
8008782
8008784
8008795
8008802
8008817
8008819
8008825
8008834
8008868
8008870
8008885
8008887
8008900
8008912
8008914
8008922
8008933
8008963
8008965
8008967
8008969
8008980
8008982
8008991
8008995
8009006
8009008
8009014
8009040
8009073
8009075
8009094
8009096
8009145
8009164
8009176
8009183
8009205
8009227
8009241
8009243
8009253
8009255
8009275
8009277
8009299
8009301
8009322
8009324
8009326
8009334
8009343
8009349
8009351
8009353
8009366
8009380
8009382
8009417
8009430
8009432
8009443
8009457
8009474
8009476
8009491
8009493
8009502
8009513
8009515
8009517
8009524
8009526
8009533
8009552
8009561
8009568
8009585
8009602
8009631
8009639
8009653
8009662
8009666
8009685
8009693
8009705
8009713
8009721
8009727
8009737
8009746
8009755
8009759
8009761
8009784
8009792
8009794
8009796
8009832
8009844
8009873
8009875
8009913
8009929
8009932
8009951
8009995
8010012
8010017
8010021
8010030
8010036
8010050
8010057
8010059
8010061
8010071
8010078
8010080
8010082
8010084
8010086
8010092
8010113
8010137
8010139
8010161
8010184
8010186
8010188
8010210
8010212
8010237
8010243
8010248
8010260
8010271
8010285
8010287
8010295
8010313
8010320
8010328
8010354
8010379
8010405
8010426
8010454
8010499
8010512
8010550
8010560
8010562
8010583
8010590
8010614
8010622
8010624
8010629
8010638
8010664
8010673
8010686
8010696
8010702
8010719
8010737
8010747
8010766
8010768
8010770
8010778
8010780
8010783
8010785
8010787
8010804
8010820
8010832
8010841
8010848
8010897
8010901
8010903
8010915
8010918
8010924
8010946
8010949
8010963
8010967
8010978
8010983
8011009
8011011
8011018
8011027
8011062
8011077
8011093
8011110
8011112
8011114
8011131
8011141
8011188
8011193
8011200
8011212
8011214
8011218
8011220
8011222
8011245
8011262
8011270
8011275
8011291
8011293
8011320
8011322
8011324
8011328
8011331
8011337
8011339
8011341
8011343
8011354
8011375
8011396
8011407
8011415
8011430
8011462
8011480
8011499
8011516
8011542
8011599
8011626
8011640
8011671
8011678
8011680
8011692
8011713
8011724
8011732
8011734
8011747
8011759
8011765
8011774
8011797
8011808
8011817
8011823
8011826
8011832
8011850
8011861
8011875
8011884
8011912
8011924
8011945
8011968
8011975
8011990
8012000
8012004
8012006
8012013
8012028
8012043
8012054
8012079
8012099
8012110
8012116
8012126
8012138
8012140
8012150
8012166
8012197
8012207
8012212
8012218
8012220
8012226
8012247
8012257
8012270
8012274
8012282
8012285
8012304
8012309
8012326
8012344
8012349
8012376
8012383
8012397
8012403
8012416
8012423
8012450
8012464
8012466
8012469
8012473
8012475
8012518
8012520
8012528
8012535
8012539
8012558
8012581
8012591
8012598
8012605
8012625
8012663
8012696
8012726
8012753
8012787
8012823
8012830
8012837
8012839
8012841
8012843
8012852
8012854
8012856
8012883
8012887
8012891
8012893
8012896
8012906
8012908
8012918
8012924
8012928
8012931
8012949
8012951
8012953
8012958
8012961
8013013
8013015
8013022
8013026
8013035
8013042
8013049
8013061
8013068
8013071
8013089
8013094
8013109
8013112
8013120
8013131
8013135
8013157
8013159
8013177
8013179
8013191
8013222
8013243
8013259
8013262
8013268
8013272
8013292
8013294
8013305
8013307
8013309
8013312
8013319
8013323
8013325
8013327
8013329
8013331
8013341
8013348
8013354
8013356
8013358
8013360
8013362
8013364
8013384
8013399
8013431
8013448
8013450
8013465
8013473
8013479
8013484
8013486
8013500
8013507
8013509
8013515
8013517
8013519
8013521
8013523
8013525
8013527
8013529
8013531
8013533
8013536
8013567
8013570
8013572
8013574
8013581
8013588
8013602
8013606
8013616
8013622
8013633
8013641
8013660
8013671
8013696
8013741
8013747
8013753
8013771
8013776
8013784
8013786
8013788
8013804
8013812
8013833
8013858
8013860
8013906
8013908
8013915
8013917
8013919
8013923
8013947
8013965
8013985
8013987
8013989
8014008
8014023
8014025
8014033
8014035
8014037
8014047
8014057
8014063
8014066
8014071
8014073
8014081
8014100
8014113
8014115
8014140
8014142
8014144
8014158
8014160
8014167
8014169
8014172
8014189
8014197
8014199
8014214
8014230
8014233
8014241
8014248
8014257
8014259
8014264
8014269
8014282
8014298
8014316
8014326
8014334
8014342
8014349
8014361
8014369
8014376
8014391
8014397
8014414
8014420
8014435
8014437
8014452
8014454
8014485
8014487
8014551
8014574
8014591
8014603
8014633
8014648
8014650
8014664
8014666
8014679
8014700
8014702
8014704
8014706
8014723
8014738
8014749
8014755
8014757
8014768
8014787
8014794
8014812
8014825
8014841
8014861
8014863
8014865
8014871
8014882
8014891
8014903
8014916
8014925
8014954
8014956
8014969
8014974
8015014
8015016
8015031
8015037
8015039
8015049
8015060
8015070
8015078
8015087
8015095
8015104
8015115
8015124
8015133
8015144
8015152
8015163
8015169
8015173
8015179
8015187
8015189
8015196
8015206
8015208
8015210
8015214
8015218
8015221
8015223
8015230
8015232
8015236
8015240
8015242
8015247
8015252
8015257
8015262
8015268
8015273
8015280
8015287
8015293
8015301
8015312
8015323
8015337
8015349
8015357
8015366
8015376
8015387
8015396
8015410
8015412
8015432
8015445
8015456
8015460
8015490
8015503
8015511
8015526
8015545
8015554
8015572
8015575
8015590
8015607
8015635
8015642
8015655
8015665
8015681
8015685
8015706
8015712
8015715
8015730
8015735
8015737
8015739
8015741
8015757
8015759
8015769
8015796
8015798
8015802
8015804
8015806
8015821
8015827
8015835
8015846
8015868
8015884
8015890
8015900
8015906
8015908
8015914
8015944
8015946
8015955
8015969
8015991
8016016
8016018
8016033
8016042
8016044
8016077
8016086
8016088
8016094
8016099
8016128
8016139
8016147
8016155
8016159
8016168
8016187
8016194
8016213
8016215
8016232
8016239
8016245
8016257
8016259
8016261
8016263
8016266
8016283
8016285
8016300
8016311
8016320
8016324
8016336
8016366
8016371
8016382
8016387
8016390
8016400
8016402
8016412
8016414
8016429
8016431
8016433
8016438
8016444
8016452
8016455
8016457
8016463
8016468
8016473
8016476
8016482
8016484
8016487
8016494
8016504
8016508
8016519
8016521
8016523
8016532
8016540
8016546
8016552
8016562
8016578
8016590
8016600
8016607
8016609
8016615
8016628
8016640
8016646
8016699
8016708
8016718
8016725
8016733
8016735
8016739
8016745
8016787
8016789
8016806
8016808
8016825
8016832
8016841
8016847
8016858
8016866
8016868
8016870
8016878
8016891
8016898
8016909
8016932
8016947
8016980
8016982
8016994
8017010
8017019
8017039
8017057
8017061
8017096
8017098
8017100
8017102
8017104
8017106
8017133
8017139
8017141
8017143
8017148
8017150
8017162
8017173
8017186
8017210
8017212
8017235
8017251
8017253
8017257
8017259
8017262
8017283
8017310
8017312
8017344
8017346
8017361
8017363
8017365
8017378
8017391
8017393
8017402
8017421
8017437
8017460
8017476
8017480
8017488
8017499
8017505
8017511
8017521
8017547
8017555
8017582
8017597
8017599
8017619
8017621
8017634
8017651
8017671
8017675
8017688
8017702
8017704
8017711
8017718
8017736
8017766
8017776
8017810
8017825
8017827
8017829
8017831
8017840
8017843
8017850
8017867
8017885
8017927
8017964
8018006
8018038
8018078
8018082
8018093
8018095
8018097
8018102
8018107
8018114
8018156
8018164
8018169
8018177
8018184
8018189
8018196
8018209
8018220
8018236
8018251
8018258
8018264
8018288
8018295
8018297
8018305
8018315
8018324
8018343
8018352
8018364
8018377
8018379
8018400
8018428
8018439
8018445
8018449
8018482
8018494
8018502
8018511
8018522
8018558
8018579
8018600
8018620
8018646
8018652
8018673
8018694
8018708
8018731
8018754
8018761
8018774
8018786
8018791
8018793
8018803
8018814
8018816
8018818
8018823
8018849
8018860
8018864
8018870
8018872
8018902
8018906
8018908
8018922
8018935
8018937
8018966
8018972
8018975
8018982
8018993
8019005
8019010
8019018
8019031
8019046
8019061
8019071
8019074
8019081
8019083
8019088
8019090
8019108
8019136
8019149
8019170
8019177
8019181
8019183
8019194
8019211
8019231
8019238
8019243
8019250
8019263
8019273
8019280
8019296
8019308
8019316
8019331
8019334
8019347
8019350
8019357
8019367
8019376
8019392
8019437
8019463
8019478
8019486
8019494
8019507
8019517
8019521
8019523
8019532
8019541
8019545
8019559
8019561
8019563
8019565
8019570
8019574
8019576
8019578
8019585
8019588
8019593
8019597
8019599
8019604
8019614
8019622
8019631
8019633
8019635
8019637
8019639
8019641
8019643
8019647
8019649
8019651
8019655
8019669
8019687
8019693
8019699
8019703
8019705
8019707
8019709
8019711
8019716
8019731
8019737
8019751
8019754
8019762
8019765
8019772
8019778
8019796
8019798
8019802
8019804
8019807
8019828
8019831
8019842
8019851
8019857
8019875
8019877
8019885
8019908
8019910
8019912
8019924
8019930
8019937
8019939
8019954
8019958
8019960
8019962
8019964
8019988
8020025
8020027
8020029
8020037
8020058
8020068
8020086
8020088
8020090
8020100
8020110
8020123
8020129
8020139
8020141
8020149
8020162
8020164
8020179
8020183
8020197
8020209
8020211
8020220
8020226
8020239
8020241
8020252
8020254
8020267
8020308
8020321
8020323
8020339
8020343
8020347
8020349
8020352
8020354
8020357
8020375
8020377
8020382
8020384
8020411
8020419
8020421
8020423
8020449
8020451
8020453
8020455
8020464
8020466
8020468
8020491
8020493
8020495
8020508
8020527
8020549
8020551
8020630
8020647
8020650
8020653
8020664
8020666
8020668
8020682
8020684
8020691
8020702
8020717
8020722
8020724
8020740
8020760
8020762
8020779
8020795
8020802
8020804
8020806
8020814
8020825
8020827
8020842
8020844
8020847
8020878
8020889
8020898
8020903
8020919
8020930
8020955
8020971
8020973
8021001
8021013
8021015
8021043
8021045
8021047
8021058
8021081
8021091
8021101
8021113
8021120
8021129
8021131
8021147
8021150
8021152
8021154
8021169
8021181
8021183
8021185
8021187
8021199
8021208
8021222
8021228
8021243
8021245
8021275
8021286
8021297
8021301
8021312
8021342
8021344
8021349
8021357
8021363
8021365
8021368
8021372
8021374
8021376
8021416
8021418
8021438
8021440
8021442
8021453
8021461
8021468
8021470
8021478
8021480
8021482
8021484
8021496
8021528
8021540
8021542
8021546
8021563
8021565
8021584
8021594
8021603
8021614
8021623
8021635
8021645
8021653
8021664
8021666
8021668
8021683
8021685
8021695
8021707
8021712
8021714
8021716
8021725
8021727
8021741
8021756
8021768
8021774
8021777
8021783
8021818
8021824
8021826
8021832
8021866
8021884
8021900
8021905
8021914
8021919
8021924
8021946
8021961
8021963
8021966
8021984
8021993
8021995
8022007
8022009
8022020
8022022
8022043
8022045
8022085
8022100
8022102
8022104
8022106
8022110
8022118
8022145
8022168
8022170
8022174
8022176
8022243
8022245
8022247
8022249
8022251
8022275
8022277
8022279
8022281
8022283
8022295
8022310
8022320
8022326
8022338
8022340
8022342
8022356
8022378
8022380
8022393
8022404
8022410
8022412
8022418
8022420
8022424
8022426
8022428
8022434
8022436
8022439
8022441
8022471
8022473
8022488
8022498
8022500
8022502
8022504
8022506
8022508
8022514
8022531
8022557
8022559
8022570
8022572
8022606
8022608
8022610
8022612
8022623
8022625
8022640
8022642
8022644
8022646
8022653
8022655
8022666
8022674
8022692
8022711
8022728
8022745
8022747
8022761
8022763
8022767
8022799
8022801
8022803
8022814
8022817
8022831
8022856
8022870
8022872
8022882
8022892
8022902
8022912
8022914
8022927
8022941
8022952
8022970
8022972
8022974
8022976
8022986
8022994
8022996
8023043
8023059
8023061
8023063
8023078
8023080
8023121
8023133
8023152
8023154
8023156
8023159
8023165
8023175
8023184
8023187
8023189
8023191
8023195
8023212
8023216
8023218
8023220
8023228
8023246
8023252
8023259
8023261
8023267
8023308
8023310
8023312
8023314
8023323
8023344
8023361
8023373
8023375
8023377
8023380
8023382
8023392
8023394
8023401
8023415
8023437
8023448
8023450
8023462
8023466
8023481
8023497
8023526
8023528
8023545
8023547
8023549
8023554
8023561
8023575
8023591
8023593
8023596
8023598
8023605
8023640
8023642
8023644
8023646
8023656
8023672
8023688
8023696
8023703
8023708
8023710
8023727
8023735
8023755
8023757
8023766
8023816
8023822
8023828
8023843
8023855
8023862
8023864
8023868
8023871
8023876
8023882
8023889
8023906
8023908
8023910
8023914
8023920
8023926
8023933
8023935
8023937
8023939
8023941
8023948
8023955
8023968
8023977
8023984
8023990
8023995
8024001
8024003
8024013
8024019
8024038
8024048
8024056
8024062
8024070
8024078
8024089
8024100
8024111
8024120
8024170
8024194
8024204
8024219
8024228
8024238
8024246
8024250
8024255
8024273
8024282
8024299
8024304
8024306
8024323
8024331
8024347
8024356
8024358
8024373
8024391
8024420
8024429
8024436
8024444
8024446
8024467
8024485
8024494
8024497
8024511
8024518
8024527
8024532
8024537
8024557
8024566
8024572
8024582
8024584
8024605
8024623
8024637
8024655
8024660
8024676
8024682
8024687
8024708
8024712
8024728
8024740
8024754
8024768
8024792
8024798
8024808
8024816
8024829
8024843
8024864
8024882
8024885
8024888
8024896
8024898
8024900
8024909
8024934
8024936
8024956
8024966
8024971
8024995
8025000
8025004
8025011
8025028
8025035
8025041
8025051
8025053
8025058
8025076
8025103
8025124
8025126
8025129
8025132
8025142
8025169
8025179
8025183
8025199
8025237
8025255
8025278
8025285
8025296
8025301
8025303
8025321
8025328
8025347
8025351
8025368
8025375
8025382
8025395
8025402
8025414
8025421
8025429
8025450
8025452
8025456
8025458
8025470
8025474
8025476
8025478
8025488
8025498
8025500
8025506
8025515
8025522
8025551
8025563
8025584
8025586
8025601
8025612
8025621
8025633
8025659
8025672
8025697
8025728
8025741
8025766
8025783
8025788
8025826
8025828
8025850
8025858
8025868
8025877
8025888
8025893
8025895
8025918
8025927
8025933
8025945
8025951
8025958
8025964
8025968
8025973
8025978
8025982
8025984
8025990
8025992
8025996
8025998
8026005
8026007
8026013
8026024
8026035
8026047
8026051
8026063
8026090
8026106
8026122
8026133
8026139
8026155
8026163
8026170
8026182
8026193
8026198
8026212
8026214
8026217
8026250
8026265
8026272
8026292
8026294
8026298
8026300
8026315
8026339
8026341
8026350
8026361
8026363
8026365
8026381
8026383
8026385
8026388
8026390
8026398
8026405
8026407
8026418
8026420
8026422
8026424
8026440
8026442
8026456
8026468
8026483
8026486
8026488
8026490
8026494
8026496
8026503
8026513
8026520
8026533
8026541
8026548
8026564
8026568
8026579
8026587
8026610
8026631
8026638
8026679
8026687
8026696
8026698
8026712
8026724
8026729
8026735
8026751
8026763
8026780
8026787
8026806
8026821
8026830
8026861
8026868
8026875
8026877
8026895
8026900
8026915
8026926
8026954
8026971
8026982
8026989
8026991
8027002
8027006
8027018
8027024
8027032
8027040
8027049
8027053
8027074
8027100
8027117
8027128
8027139
8027152
8027167
8027169
8027184
8027205
8027213
8027222
8027233
8027239
8027241
8027247
8027254
8027258
8027260
8027266
8027268
8027272
8027279
8027285
8027292
8027297
8027304
8027312
8027320
8027323
8027330
8027332
8027341
8027343
8027345
8027348
8027352
8027354
8027363
8027368
8027377
8027381
8027383
8027385
8027390
8027398
8027402
8027414
8027416
8027429
8027431
8027437
8027439
8027448
8027473
8027480
8027482
8027510
8027519
8027521
8027543
8027556
8027564
8027566
8027574
8027584
8027592
8027604
8027621
8027642
8027650
8027665
8027674
8027685
8027692
8027701
8027719
8027728
8027744
8027746
8027748
8027760
8027770
8027778
8027793
8027805
8027819
8027824
8027837
8027854
8027856
8027860
8027862
8027864
8027876
8027884
8027886
8027908
8027920
8027932
8027938
8027947
8027956
8027996
8028002
8028004
8028016
8028030
8028058
8028084
8028102
8028104
8028112
8028117
8028119
8028158
8028162
8028172
8028186
8028190
8028192
8028194
8028200
8028206
8028213
8028219
8028227
8028233
8028241
8028248
8028254
8028266
8028275
8028277
8028279
8028281
8028283
8028286
8028309
8028311
8028323
8028325
8028332
8028341
8028380
8028389
8028397
8028407
8028514
8028524
8028546
8028552
8028563
8028570
8028583
8028600
8028607
8028613
8028624
8028643
8028645
8028652
8028656
8028674
8028705
8028719
8028730
8028737
8028742
8028744
8028750
8028756
8028770
8028778
8028789
8028791
8028806
8028851
8028872
8028908
8028916
8028924
8028930
8028940
8028950
8028955
8028963
8028973
8028984
8028991
8029006
8029029
8029050
8029056
8029065
8029076
8029086
8029098
8029107
8029117
8029129
8029136
8029147
8029182
8029188
8029193
8029214
8029219
8029236
8029273
8029278
8029280
8029289
8029299
8029301
8029306
8029311
8029318
8029321
8029331
8029340
8029347
8029353
8029360
8029368
8029375
8029377
8029385
8029392
8029399
8029413
8029423
8029435
8029437
8029446
8029458
8029465
8029476
8029489
8029507
8029521
8029530
8029536
8029541
8029547
8029551
8029560
8029580
8029592
8029615
8029617
8029624
8029640
8029642
8029669
8029671
8029688
8029693
8029701
8029710
8029726
8029728
8029744
8029754
8029759
8029773
8029779
8029784
8029814
8029829
8029831
8029845
8029847
8029854
8029856
8029870
8029884
8029894
8029907
8029914
8029918
8029937
8029939
8029950
8029958
8029969
8029978
8029988
8029996
8030002
8030007
8030015
8030022
8030035
8030044
8030049
8030064
8030067
8030076
8030078
8030092
8030094
8030105
8030113
8030128
8030133
8030148
8030158
8030171
8030181
8030187
8030197
8030199
8030212
8030220
8030251
8030277
8030292
8030299
8030321
8030339
8030351
8030360
8030362
8030364
8030366
8030368
8030374
8030383
8030391
8030393
8030403
8030416
8030429
8030437
8030448
8030470
8030498
8030525
8030539
8030557
8030563
8030569
8030578
8030582
8030630
8030641
8030671
8030677
8030706
8030721
8030731
8030733
8030736
8030749
8030753
8030768
8030782
8030789
8030796
8030804
8030813
8030823
8030826
8030831
8030838
8030840
8030842
8030844
8030846
8030848
8030860
8030866
8030871
8030879
8030881
8030899
8030908
8030914
8030925
8030931
8030939
8030944
8030946
8030950
8030954
8030964
8030969
8030972
8030974
8030978
8030980
8030982
8030991
8030993
8030997
8030999
8031011
8031013
8031027
8031029
8031031
8031035
8031037
8031039
8031045
8031047
8031057
8031076
8031084
8031090
8031097
8031102
8031122
8031145
8031152
8031157
8031176
8031196
8031200
8031207
8031213
8031223
8031238
8031253
8031260
8031277
8031293
8031297
8031311
8031328
8031344
8031346
8031358
8031374
8031387
8031398
8031414
8031439
8031441
8031466
8031475
8031483
8031489
8031495
8031499
8031511
8031514
8031516
8031522
8031526
8031536
8031550
8031566
8031568
8031570
8031573
8031576
8031586
8031600
8031615
8031617
8031622
8031629
8031632
8031640
8031646
8031650
8031659
8031669
8031675
8031680
8031682
8031684
8031686
8031690
8031700
8031712
8031714
8031720
8031726
8031732
8031737
8031744
8031748
8031750
8031759
8031762
8031768
8031778
8031784
8031792
8031799
8031807
8031815
8031821
8031825
8031827
8031837
8031840
8031843
8031847
8031857
8031865
8031867
8031871
8031884
8031893
8031899
8031906
8031908
8031913
8031931
8031933
8031939
8031949
8031956
8031962
8031973
8031981
8031984
8031990
8031992
8031997
8031999
8032009
8032023
8032034
8032037
8032051
8032057
8032070
8032076
8032088
8032094
8032106
8032127
8032137
8032149
8032157
8032197
8032208
8032212
8032214
8032224
8032232
8032249
8032265
8032273
8032275
8032284
8032290
8032312
8032347
8032365
8032371
8032375
8032380
8032392
8032410
8032418
8032455
8032465
8032473
8032478
8032480
8032484
8032491
8032507
8032509
8032518
8032525
8032530
8032544
8032553
8032576
8032588
8032595
8032601
8032608
8032623
8032637
8032650
8032670
8032682
8032699
8032718
8032730
8032749
8032751
8032755
8032761
8032770
8032782
8032789
8032804
8032815
8032829
8032834
8032839
8032863
8032871
8032899
8032909
8032922
8032926
8032965
8032972
8032974
8032996
8033002
8033023
8033025
8033043
8033054
8033064
8033069
8033075
8033097
8033118
8033135
8033151
8033159
8033162
8033179
8033190
8033207
8033233
8033241
8033248
8033257
8033300
8033319
8033330
8033332
8033349
8033352
8033356
8033359
8033362
8033385
8033392
8033414
8033420
8033433
8033445
8033455
8033458
8033460
8033462
8033465
8033479
8033487
8033554
8033564
8033571
8033587
8033598
8033605
8033635
8033662
8033667
8033674
8033734
8033736
8033738
8033740
8033742
8033744
8033746
8033754
8033767
8033780
8033789
8033795
8033801
8033809
8033813
8033818
8033825
8033892
8033899
8033912
8033956
8033960
8033969
8033987
8033996
8034021
8034034
8034043
8034055
8034075
8034084
8034097
8034099
8034101
8034108
8034122
8034130
8034151
8034199
8034202
8034210
8034217
8034227
8034249
8034263
8034276
8034286
8034297
8034299
8034304
8034313
8034315
8034320
8034326
8034330
8034332
8034334
8034342
8034344
8034349
8034370
8034379
8034390
8034393
8034395
8034401
8034408
8034416
8034420
8034448
8034454
8034469
8034482
8034512
8034514
8034521
8034544
8034555
8034565
8034578
8034583
8034589
8034605
8034608
8034615
8034631
8034643
8034694
8034696
8034698
8034700
8034712
8034722
8034744
8034747
8034754
8034762
8034772
8034783
8034806
8034821
8034827
8034837
8034843
8034851
8034871
8034873
8034890
8034892
8034897
8034899
8034901
8034905
8034907
8034920
8034940
8034974
8034983
8035007
8035023
8035040
8035050
8035069
8035078
8035080
8035083
8035095
8035110
8035120
8035144
8035146
8035156
8035175
8035177
8035187
8035193
8035201
8035232
8035234
8035236
8035249
8035254
8035271
8035278
8035297
8035304
8035311
8035315
8035318
8035345
8035351
8035380
8035398
8035408
8035435
8035445
8035449
8035456
8035465
8035477
8035494
8035506
8035517
8035539
8035551
8035553
8035566
8035579
8035581
8035600
8035612
8035628
8035639
8035646
8035648
8035666
8035682
8035684
8035694
8035703
8035714
8035737
8035765
8035773
8035779
8035782
8035787
8035789
8035793
8035795
8035801
8035803
8035808
8035813
8035819
8035825
8035829
8035831
8035836
8035838
8035842
8035847
8035855
8035859
8035863
8035865
8035868
8035880
8035884
8035886
8035896
8035901
8035903
8035905
8035935
8035937
8035939
8035941
8035956
8035958
8035980
8035993
8036004
8036010
8036025
8036027
8036029
8036031
8036033
8036038
8036045
8036055
8036069
8036072
8036079
8036103
8036110
8036133
8036136
8036143
8036151
8036155
8036170
8036172
8036176
8036207
8036224
8036232
8036242
8036252
8036270
8036276
8036284
8036291
8036300
8036302
8036304
8036309
8036318
8036324
8036333
8036341
8036351
8036357
8036363
8036365
8036373
8036389
8036395
8036403
8036406
8036416
8036418
8036420
8036430
8036436
8036444
8036451
8036460
8036473
8036479
8036483
8036494
8036503
8036525
8036557
8036563
8036584
8036589
8036591
8036602
8036613
8036622
8036636
8036656
8036676
8036686
8036689
8036699
8036702
8036707
8036710
8036720
8036737
8036744
8036749
8036755
8036763
8036777
8036787
8036808
8036813
8036820
8036830
8036835
8036840
8036862
8036865
8036867
8036881
8036883
8036890
8036902
8036908
8036913
8036923
8036936
8036938
8036954
8036956
8036969
8036981
8036989
8036993
8037001
8037003
8037005
8037018
8037023
8037032
8037037
8037043
8037045
8037053
8037061
8037071
8037079
8037103
8037123
8037144
8037152
8037166
8037170
8037179
8037186
8037197
8037205
8037222
8037231
8037236
8037240
8037246
8037251
8037259
8037267
8037272
8037283
8037290
8037298
8037301
8037309
8037315
8037322
8037331
8037352
8037355
8037363
8037374
8037387
8037389
8037408
8037422
8037430
8037433
8037444
8037453
8037459
8037467
8037474
8037482
8037495
8037502
8037505
8037513
8037525
8037535
8037537
8037563
8037579
8037594
8037608
8037614
8037621
8037640
8037642
8037647
8037651
8037657
8037679
8037688
8037695
8037723
8037728
8037732
8037737
8037742
8037750
8037755
8037760
8037762
8037767
8037775
8037785
8037788
8037794
8037814
8037816
8037835
8037847
8037853
8037856
8037872
8037878
8037888
8037898
8037913
8037931
8037947
8037949
8037959
8037962
8037970
8037991
8038023
8038029
8038048
8038069
8038078
8038086
8038093
8038109
8038117
8038126
8038137
8038139
8038150
8038163
8038177
8038192
8038200
8038202
8038213
8038225
8038246
8038261
8038278
8038280
8038288
8038292
8038299
8038305
8038309
8038314
8038319
8038326
8038343
8038347
8038362
8038367
8038382
8038393
8038395
8038407
8038416
8038427
8038441
8038443
8038458
8038477
8038487
8038505
8038515
8038532
8038540
8038547
8038556
8038565
8038571
8038577
8038584
8038587
8038598
8038624
8038633
8038643
8038653
8038655
8038668
8038670
8038683
8038695
8038707
8038716
8038725
8038735
8038747
8038760
8038770
8038782
8038785
8038792
8038804
8038809
8038815
8038824
8038839
8038852
8038861
8038874
8038877
8038885
8038890
8038899
8038904
8038913
8038919
8038925
8038933
8038942
8038949
8038952
8038954
8038960
8038962
8038967
8038981
8038989
8038993
8038998
8039006
8039010
8039013
8039017
8039025
8039034
8039044
8039054
8039062
8039068
8039070
8039075
8039078
8039084
8039086
8039090
8039092
8039094
8039096
8039109
8039120
8039131
8039139
8039144
8039164
8039166
8039180
8039196
8039210
8039212
8039226
8039236
8039246
8039257
8039269
8039273
8039280
8039294
8039306
8039316
8039340
8039353
8039362
8039378
8039389
8039409
8039413
8039440
8039453
8039462
8039474
8039477
8039484
8039491
8039498
8039504
8039511
8039520
8039524
8039526
8039530
8039533
8039545
8039557
8039569
8039574
8039577
8039584
8039586
8039593
8039605
8039607
8039625
8039635
8039642
8039645
8039655
8039664
8039672
8039674
8039680
8039687
8039692
8039695
8039698
8039706
8039713
8039719
8039730
8039740
8039748
8039759
8039766
8039769
8039771
8039779
8039791
8039796
8039805
8039809
8039820
8039829
8039842
8039859
8039871
8039884
8039892
8039896
8039905
8039909
8039923
8039928
8039933
8039937
8039939
8039945
8039947
8039961
8039975
8039977
8039996
8040018
8040034
8040036
8040045
8040053
8040068
8040070
8040073
8040077
8040080
8040090
8040101
8040103
8040111
8040113
8040142
8040163
8040171
8040173
8040190
8040211
8040221
8040223
8040231
8040238
8040247
8040249
8040265
8040270
8040278
8040286
8040288
8040290
8040292
8040334
8040336
8040338
8040340
8040362
8040365
8040372
8040374
8040386
8040413
8040415
8040417
8040419
8040426
8040428
8040430
8040440
8040456
8040458
8040463
8040465
8040467
8040469
8040473
8040477
8040479
8040483
8040486
8040488
8040490
8040503
8040514
8040516
8040522
8040528
8040530
8040541
8040547
8040549
8040552
8040576
8040578
8040587
8040614
8040616
8040618
8040630
8040632
8040639
8040655
8040672
8040690
8040695
8040698
8040712
8040725
8040742
8040753
8040774
8040792
8040802
8040815
8040827
8040831
8040843
8040889
8040898
8040908
8040927
8040949
8040960
8040980
8040985
8041000
8041015
8041027
8041031
8041048
8041061
8041122
8041138
8041149
8041168
8041170
8041172
8041179
8041197
8041204
8041206
8041212
8041223
8041225
8041234
8041236
8041255
8041257
8041273
8041281
8041283
8041360
8041383
8041420
8041422
8041445
8041447
8041467
8041487
8041495
8041508
8041519
8041536
8041540
8041542
8041553
8041561
8041568
8041570
8041582
8041592
8041617
8041636
8041638
8041640
8041642
8041644
8041676
8041696
8041711
8041713
8041727
8041745
8041759
8041763
8041781
8041804
8041808
8041813
8041820
8041826
8041853
8041867
8041886
8041888
8041900
8041902
8041913
8041937
8041940
8041957
8041961
8041967
8041982
8041987
8041995
8042038
8042040
8042052
8042059
8042062
8042066
8042079
8042086
8042107
8042109
8042111
8042113
8042115
8042117
8042119
8042144
8042157
8042159
8042161
8042168
8042195
8042207
8042211
8042219
8042221
8042223
8042251
8042257
8042259
8042270
8042283
8042291
8042306
8042308
8042310
8042324
8042326
8042333
8042335
8042337
8042346
8042356
8042373
8042381
8042391
8042402
8042413
8042416
8042431
8042439
8042460
8042462
8042464
8042466
8042468
8042487
8042495
8042501
8042503
8042513
8042515
8042519
8042530
8042532
8042537
8042556
8042558
8042566
8042568
8042574
8042576
8042588
8042601
8042637
8042694
8042696
8042701
8042705
8042720
8042737
8042761
8042769
8042772
8042788
8042801
8042811
8042825
8042827
8042830
8042843
8042859
8042867
8042874
8042896
8042905
8042917
8042925
8042942
8042953
8042958
8042960
8042962
8042970
8042972
8042974
8042976
8042978
8042986
8042993
8043018
8043020
8043022
8043024
8043026
8043028
8043030
8043032
8043034
8043036
8043038
8043040
8043043
8043055
8043059
8043071
8043098
8043100
8043105
8043114
8043129
8043131
8043155
8043157
8043185
8043187
8043197
8043203
8043209
8043218
8043236
8043244
8043251
8043276
8043278
8043283
8043310
8043320
8043322
8043324
8043347
8043349
8043360
8043363
8043367
8043375
8043377
8043379
8043381
8043393
8043405
8043407
8043413
8043423
8043426
8043429
8043431
8043433
8043436
8043438
8043441
8043443
8043446
8043449
8043456
8043459
8043465
8043468
8043470
8043474
8043476
8043478
8043480
8043482
8043484
8043487
8043489
8043491
8043498
8043500
8043502
8043504
8043512
8043522
8043552
8043564
8043570
8043572
8043574
8043581
8043583
8043585
8043597
8043602
8043621
8043630
8043632
8043639
8043657
8043666
8043682
8043685
8043687
8043697
8043718
8043725
8043743
8043745
8043747
8043782
8043791
8043820
8043833
8043835
8043840
8043848
8043861
8043890
8043900
8043902
8043909
8043932
8043937
8043945
8043981
8043993
8043995
8044008
8044021
8044035
8044049
8044067
8044080
8044094
8044105
8044107
8044109
8044111
8044124
8044127
8044133
8044143
8044149
8044154
8044161
8044189
8044191
8044204
8044212
8044225
8044236
8044258
8044263
8044278
8044295
8044301
8044304
8044333
8044346
8044351
8044353
8044375
8044391
8044415
8044417
8044440
8044450
8044462
8044473
8044491
8044499
8044512
8044530
8044532
8044541
8044548
8044552
8044563
8044572
8044574
8044584
8044605
8044611
8044613
8044634
8044640
8044643
8044649
8044669
8044682
8044684
8044686
8044698
8044700
8044731
8044733
8044735
8044737
8044739
8044741
8044743
8044745
8044760
8044764
8044766
8044773
8044791
8044793
8044804
8044813
8044818
8044844
8044849
8044878
8044880
8044882
8044909
8044911
8044913
8044915
8044917
8044919
8044927
8044931
8044933
8044959
8044961
8044963
8044965
8044976
8045005
8045007
8045009
8045018
8045028
8045030
8045075
8045083
8045086
8045088
8045090
8045134
8045136
8045142
8045146
8045148
8045151
8045153
8045155
8045157
8045159
8045161
8045163
8045165
8045167
8045169
8045171
8045182
8045198
8045205
8045208
8045210
8045216
8045224
8045229
8045247
8045257
8045275
8045277
8045279
8045281
8045283
8045285
8045287
8045289
8045291
8045301
8045309
8045319
8045321
8045323
8045330
8045332
8045334
8045336
8045339
8045341
8045343
8045345
8045347
8045349
8045368
8045381
8045398
8045423
8045425
8045453
8045455
8045470
8045497
8045499
8045514
8045525
8045527
8045529
8045531
8045533
8045535
8045537
8045539
8045559
8045561
8045563
8045577
8045581
8045583
8045585
8045587
8045602
8045604
8045619
8045637
8045664
8045674
8045688
8045695
8045697
8045736
8045768
8045776
8045793
8045795
8045800
8045802
8045804
8045806
8045808
8045810
8045812
8045814
8045816
8045835
8045846
8045848
8045857
8045860
8045882
8045887
8045889
8045919
8045931
8045933
8045946
8045962
8045972
8045974
8046003
8046012
8046014
8046016
8046018
8046020
8046048
8046060
8046062
8046078
8046084
8046086
8046099
8046116
8046124
8046147
8046160
8046169
8046186
8046199
8046201
8046213
8046238
8046276
8046279
8046281
8046283
8046306
8046318
8046333
8046340
8046346
8046360
8046373
8046380
8046408
8046426
8046428
8046461
8046488
8046500
8046502
8046512
8046515
8046518
8046520
8046522
8046524
8046527
8046530
8046536
8046542
8046546
8046553
8046555
8046560
8046564
8046573
8046586
8046588
8046590
8046604
8046626
8046628
8046644
8046646
8046680
8046685
8046695
8046726
8046746
8046755
8046757
8046759
8046788
8046790
8046792
8046804
8046815
8046822
8046824
8046833
8046836
8046848
8046861
8046895
8046906
8046922
8046975
8046997
8047006
8047036
8047038
8047059
8047062
8047069
8047078
8047086
8047097
8047125
8047127
8047159
8047161
8047172
8047174
8047185
8047187
8047213
8047215
8047217
8047223
8047228
8047241
8047243
8047248
8047257
8047262
8047265
8047272
8047286
8047288
8047300
8047337
8047339
8047356
8047370
8047372
8047377
8047379
8047381
8047401
8047403
8047419
8047441
8047443
8047457
8047459
8047463
8047465
8047467
8047485
8047487
8047492
8047503
8047505
8047518
8047536
8047538
8047555
8047557
8047559
8047561
8047563
8047565
8047577
8047596
8047606
8047635
8047641
8047659
8047677
8047690
8047692
8047702
8047709
8047736
8047738
8047763
8047765
8047767
8047769
8047771
8047778
8047780
8047782
8047784
8047788
8047815
8047829
8047839
8047852
8047854
8047865
8047910
8047926
8047952
8047963
8047965
8048014
8048022
8048024
8048026
8048071
8048075
8048077
8048079
8048081
8048108
8048110
8048112
8048114
8048116
8048118
8048120
8048139
8048141
8048146
8048171
8048173
8048175
8048195
8048205
8048211
8048227
8048234
8048249
8048257
8048272
8048283
8048304
8048317
8048319
8048340
8048350
8048368
8048370
8048381
8048411
8048432
8048445
8048452
8048460
8048466
8048468
8048478
8048489
8048505
8048518
8048523
8048541
8048551
8048595
8048611
8048628
8048639
8048647
8048673
8048699
8048701
8048703
8048705
8048707
8048712
8048715
8048717
8048723
8048725
8048733
8048749
8048752
8048761
8048763
8048772
8048782
8048835
8048847
8048864
8048870
8048885
8048887
8048889
8048896
8048898
8048926
8048940
8048976
8048978
8048980
8048993
8048995
8049007
8049016
8049042
8049044
8049071
8049073
8049075
8049079
8049083
8049088
8049097
8049123
8049128
8049137
8049152
8049166
8049180
8049187
8049195
8049197
8049199
8049235
8049237
8049239
8049243
8049246
8049271
8049297
8049299
8049301
8049317
8049349
8049375
8049394
8049425
8049435
8049448
8049471
8049478
8049487
8049509
8049512
8049528
8049530
8049532
8049534
8049536
8049538
8049540
8049542
8049544
8049552
8049567
8049574
8049582
8049598
8049610
8049620
8049635
8049655
8049657
8049665
8049667
8049670
8049682
8049684
8049689
8049702
8049722
8049729
8049737
8049752
8049784
8049799
8049825
8049827
8049847
8049876
8049888
8049906
8049919
8049934
8049942
8049950
8049952
8049957
8049959
8049961
8049963
8049965
8049969
8049990
8049998
8050007
8050031
8050060
8050071
8050079
8050089
8050093
8050095
8050102
8050111
8050113
8050115
8050128
8050160
8050176
8050190
8050213
8050215
8050225
8050227
8050232
8050236
8050238
8050240
8050253
8050255
8050278
8050293
8050302
8050336
8050350
8050352
8050363
8050365
8050367
8050423
8050425
8050427
8050441
8050443
8050472
8050474
8050480
8050495
8050497
8050503
8050507
8050537
8050548
8050557
8050565
8050591
8050594
8050608
8050619
8050654
8050656
8050658
8050687
8050689
8050695
8050702
8050713
8050719
8050761
8050763
8050766
8050790
8050801
8050803
8050805
8050813
8050844
8050846
8050869
8050873
8050875
8050894
8050906
8050908
8050924
8050942
8050993
8051001
8051012
8051024
8051028
8051030
8051050
8051061
8051066
8051075
8051097
8051113
8051119
8051133
8051135
8051185
8051187
8051197
8051202
8051204
8051215
8051226
8051234
8051236
8051238
8051241
8051273
8051275
8051298
8051319
8051322
8051361
8051370
8051372
8051387
8051394
8051396
8051409
8051411
8051413
8051422
8051427
8051443
8051462
8051464
8051501
8051520
8051528
8051547
8051569
8051571
8051573
8051583
8051589
8051605
8051622
8051637
8051666
8051668
8051670
8051696
8051707
8051744
8051746
8051762
8051773
8051775
8051777
8051785
8051793
8051799
8051812
8051814
8051820
8051862
8051864
8051866
8051882
8051924
8051926
8051928
8051949
8051956
8051963
8051985
8051987
8051989
8051993
8051998
8052004
8052010
8052016
8052018
8052022
8052024
8052054
8052056
8052058
8052072
8052087
8052089
8052091
8052119
8052121
8052123
8052125
8052139
8052141
8052143
8052149
8052200
8052204
8052231
8052233
8052250
8052269
8052303
8052305
8052307
8052331
8052355
8052370
8052372
8052374
8052376
8052380
8052382
8052397
8052399
8052413
8052416
8052418
8052438
8052443
8052524
8052526
8052554
8052562
8052581
8052583
8052585
8052592
8052594
8052598
8052620
8052622
8052624
8052626
8052654
8052667
8052669
8052674
8052676
8052678
8052680
8052689
8052696
8052698
8052703
8052719
8052721
8052731
8052733
8052735
8052742
8052747
8052753
8052762
8052784
8052798
8052803
8052826
8052828
8052834
8052845
8052861
8052866
8052872
8052882
8052902
8052908
8052916
8052925
8052932
8052934
8052940
8052945
8052947
8052956
8052979
8052994
8053004
8053009
8053022
8053025
8053030
8053036
8053046
8053057
8053059
8053064
8053073
8053107
8053139
8053142
8053158
8053165
8053171
8053183
8053187
8053200
8053214
8053231
8053248
8053263
8053266
8053276
8053278
8053288
8053311
8053313
8053315
8053325
8053330
8053337
8053341
8053347
8053349
8053360
8053362
8053364
8053366
8053379
8053386
8053388
8053404
8053406
8053417
8053427
8053429
8053447
8053449
8053458
8053467
8053480
8053482
8053484
8053496
8053533
8053549
8053551
8053560
8053562
8053574
8053576
8053584
8053594
8053599
8053602
8053610
8053622
8053646
8053648
8053654
8053662
8053664
8053666
8053668
8053690
8053710
8053713
8053715
8053718
8053720
8053722
8053725
8053728
8053731
8053733
8053735
8053737
8053741
8053744
8053751
8053753
8053761
8053763
8053775
8053785
8053787
8053795
8053797
8053801
8053834
8053840
8053842
8053869
8053872
8053882
8053890
8053901
8053909
8053944
8053949
8053975
8053984
8053998
8054004
8054020
8054037
8054039
8054041
8054045
8054054
8054064
8054075
8054077
8054090
8054092
8054131
8054135
8054154
8054166
8054192
8054200
8054209
8054217
8054227
8054254
8054281
8054295
8054297
8054308
8054329
8054338
8054344
8054354
8054356
8054364
8054377
8054393
8054395
8054412
8054414
8054437
8054439
8054449
8054451
8054465
8054467
8054477
8054479
8054486
8054511
8054513
8054517
8054519
8054532
8054557
8054580
8054607
8054611
8054614
8054664
8054676
8054702
8054712
8054722
8054731
8054740
8054758
8054762
8054766
8054769
8054771
8054790
8054792
8054794
8054796
8054798
8054800
8054802
8054804
8054831
8054834
8054837
8054846
8054862
8054866
8054870
