7892501
7892502
7892503
7892504
7892505
7892506
7892507
7892508
7892509
7892510
7892511
7892512
7892513
7892514
7892515
7892516
7892517
7892518
7892519
7892520
7892521
7892522
7892524
7892525
7892526
7892527
7892528
7892529
7892530
7892531
7892532
7892533
7892534
7892535
7892536
7892537
7892538
7892539
7892540
7892541
7892542
7892543
7892544
7892545
7892547
7892548
7892549
7892550
7892551
7892552
7892553
7892554
7892555
7892556
7892557
7892558
7892559
7892560
7892561
7892562
7892563
7892564
7892565
7892566
7892567
7892568
7892569
7892570
7892571
7892572
7892573
7892574
7892575
7892576
7892577
7892578
7892579
7892580
7892581
7892582
7892583
7892584
7892585
7892586
7892587
7892588
7892589
7892590
7892591
7892592
7892593
7892594
7892595
7892596
7892597
7892598
7892599
7892600
7892601
7892602
7892603
7892604
7892605
7892606
7892608
7892609
7892610
7892611
7892612
7892613
7892614
7892615
7892616
7892617
7892618
7892619
7892620
7892621
7892622
7892623
7892624
7892625
7892626
7892627
7892628
7892629
7892630
7892631
7892632
7892633
7892634
7892635
7892636
7892637
7892638
7892639
7892640
7892641
7892642
7892643
7892644
7892645
7892646
7892647
7892648
7892649
7892650
7892651
7892652
7892653
7892654
7892655
7892656
7892657
7892658
7892659
7892660
7892661
7892662
7892663
7892664
7892665
7892666
7892667
7892668
7892669
7892670
7892671
7892672
7892673
7892674
7892675
7892676
7892677
7892678
7892679
7892680
7892681
7892682
7892683
7892684
7892685
7892686
7892687
7892688
7892689
7892690
7892691
7892692
7892693
7892694
7892695
7892696
7892697
7892698
7892699
7892700
7892701
7892702
7892703
7892704
7892705
7892706
7892707
7892708
7892709
7892710
7892711
7892712
7892713
7892714
7892715
7892716
7892717
7892718
7892719
7892720
7892721
7892722
7892723
7892724
7892725
7892726
7892727
7892728
7892729
7892730
7892731
7892732
7892733
7892734
7892735
7892736
7892737
7892738
7892739
7892740
7892741
7892742
7892743
7892744
7892745
7892746
7892747
7892748
7892749
7892750
7892751
7892752
7892753
7892754
7892755
7892756
7892757
7892758
7892759
7892760
7892761
7892762
7892763
7892764
7892765
7892766
7892767
7892768
7892769
7892770
7892771
7892772
7892773
7892774
7892775
7892776
7892777
7892778
7892779
7892780
7892781
7892782
7892783
7892784
7892785
7892786
7892787
7892788
7892789
7892790
7892791
7892792
7892793
7892794
7892795
7892796
7892797
7892798
7892799
7892800
7892801
7892802
7892803
7892804
7892805
7892806
7892807
7892808
7892809
7892810
7892811
7892812
7892813
7892814
7892815
7892816
7892817
7892818
7892819
7892820
7892821
7892822
7892823
7892824
7892825
7892826
7892827
7892828
7892829
7892830
7892831
7892832
7892833
7892834
7892835
7892836
7892837
7892838
7892839
7892840
7892841
7892842
7892843
7892844
7892845
7892846
7892847
7892848
7892849
7892850
7892851
7892852
7892853
7892854
7892855
7892856
7892857
7892858
7892859
7892860
7892861
7892862
7892863
7892864
7892865
7892866
7892867
7892868
7892869
7892870
7892871
7892872
7892873
7892874
7892875
7892876
7892877
7892878
7892879
7892880
7892881
7892882
7892883
7892884
7892885
7892886
7892887
7892888
7892889
7892890
7892891
7892892
7892893
7892894
7892895
7892896
7892897
7892898
7892899
7892900
7892901
7892902
7892903
7892904
7892905
7892906
7892907
7892908
7892909
7892910
7892911
7892912
7892913
7892914
7892915
7892916
7892917
7892918
7892919
7892920
7892921
7892922
7892923
7892924
7892925
7892926
7892927
7892928
7892929
7892930
7892931
7892932
7892933
7892934
7892935
7892936
7892937
7892938
7892939
7892940
7892941
7892942
7892943
7892944
7892945
7892946
7892947
7892948
7892949
7892950
7892951
7892952
7892953
7892954
7892955
7892956
7892957
7892958
7892959
7892960
7892961
7892962
7892963
7892964
7892965
7892966
7892967
7892968
7892969
7892970
7892971
7892972
7892973
7892974
7892975
7892976
7892977
7892978
7892979
7892980
7892981
7892982
7892983
7892984
7892985
7892986
7892987
7892988
7892989
7892990
7892991
7892992
7892993
7892994
7892995
7892996
7892997
7892998
7892999
7893000
7893001
7893002
7893003
7893004
7893005
7893006
7893007
7893008
7893009
7893010
7893011
7893012
7893013
7893014
7893015
7893016
7893017
7893018
7893019
7893021
7893022
7893023
7893024
7893025
7893026
7893027
7893028
7893029
7893030
7893031
7893032
7893033
7893034
7893035
7893036
7893037
7893038
7893039
7893040
7893041
7893042
7893043
7893044
7893045
7893046
7893047
7893048
7893049
7893050
7893051
7893052
7893053
7893055
7893056
7893057
7893058
7893059
7893060
7893061
7893062
7893063
7893064
7893065
7893066
7893067
7893068
7893069
7893070
7893071
7893072
7893073
7893074
7893075
7893076
7893077
7893078
7893079
7893080
7893081
7893082
7893083
7893084
7893085
7893086
7893087
7893088
7893089
7893090
7893091
7893092
7893093
7893094
7893095
7893096
7893097
7893098
7893099
7893100
7893101
7893102
7893103
7893104
7893105
7893106
7893107
7893108
7893109
7893110
7893111
7893112
7893113
7893114
7893115
7893116
7893117
7893118
7893119
7893120
7893121
7893122
7893123
7893124
7893125
7893126
7893127
7893128
7893129
7893130
7893131
7893132
7893133
7893134
7893135
7893136
7893137
7893138
7893139
7893140
7893141
7893142
7893143
7893144
7893145
7893146
7893147
7893148
7893149
7893150
7893151
7893152
7893153
7893154
7893155
7893156
7893157
7893158
7893159
7893160
7893161
7893162
7893163
7893164
7893165
7893166
7893167
7893168
7893169
7893170
7893171
7893172
7893173
7893174
7893175
7893176
7893177
7893178
7893179
7893180
7893181
7893182
7893183
7893184
7893185
7893186
7893187
7893188
7893189
7893190
7893191
7893192
7893193
7893194
7893195
7893196
7893197
7893198
7893199
7893200
7893201
7893202
7893203
7893204
7893205
7893206
7893207
7893208
7893209
7893210
7893211
7893212
7893213
7893214
7893215
7893216
7893217
7893218
7893219
7893220
7893221
7893222
7893223
7893224
7893225
7893226
7893227
7893228
7893229
7893230
7893231
7893232
7893233
7893234
7893235
7893236
7893237
7893238
7893239
7893240
7893241
7893242
7893243
7893244
7893245
7893246
7893247
7893248
7893249
7893250
7893251
7893252
7893253
7893254
7893255
7893256
7893257
7893258
7893259
7893260
7893261
7893262
7893263
7893264
7893265
7893266
7893267
7893268
7893269
7893270
7893271
7893272
7893273
7893274
7893275
7893276
7893277
7893278
7893279
7893280
7893281
7893282
7893283
7893284
7893285
7893286
7893287
7893288
7893289
7893290
7893291
7893292
7893293
7893294
7893295
7893296
7893297
7893298
7893299
7893300
7893301
7893302
7893303
7893304
7893305
7893306
7893307
7893308
7893309
7893310
7893311
7893312
7893313
7893314
7893315
7893316
7893317
7893318
7893319
7893320
7893321
7893322
7893323
7893324
7893325
7893326
7893327
7893328
7893329
7893330
7893331
7893332
7893333
7893334
7893335
7893336
7893337
7893338
7893339
7893340
7893341
7893342
7893343
7893344
7893345
7893346
7893347
7893348
7893349
7893350
7893351
7893352
7893353
7893354
7893355
7893356
7893357
7893358
7893359
7893360
7893361
7893362
7893363
7893364
7893365
7893366
7893367
7893368
7893369
7893370
7893371
7893372
7893373
7893374
7893375
7893376
7893377
7893378
7893379
7893380
7893381
7893382
7893383
7893384
7893385
7893386
7893387
7893388
7893389
7893390
7893391
7893392
7893393
7893394
7893395
7893396
7893397
7893398
7893399
7893400
7893401
7893402
7893403
7893404
7893405
7893406
7893407
7893408
7893409
7893410
7893411
7893412
7893413
7893414
7893415
7893416
7893417
7893418
7893419
7893420
7893421
7893422
7893423
7893424
7893425
7893426
7893427
7893428
7893429
7893430
7893431
7893432
7893433
7893434
7893435
7893436
7893437
7893438
7893439
7893440
7893441
7893442
7893443
7893444
7893445
7893446
7893447
7893448
7893449
7893450
7893451
7893452
7893453
7893454
7893455
7893456
7893457
7893458
7893459
7893460
7893461
7893462
7893463
7893464
7893465
7893466
7893467
7893468
7893469
7893470
7893471
7893472
7893473
7893474
7893475
7893476
7893477
7893478
7893479
7893480
7893481
7893482
7893483
7893484
7893485
7893486
7893487
7893488
7893489
7893490
7893491
7893492
7893493
7893494
7893495
7893496
7893497
7893498
7893499
7893500
7893501
7893502
7893503
7893504
7893505
7893506
7893507
7893508
7893509
7893510
7893511
7893512
7893513
7893514
7893515
7893516
7893517
7893518
7893519
7893520
7893521
7893522
7893523
7893524
7893525
7893526
7893527
7893528
7893529
7893530
7893531
7893532
7893533
7893534
7893535
7893536
7893537
7893538
7893539
7893540
7893541
7893542
7893543
7893544
7893545
7893546
7893547
7893548
7893549
7893550
7893551
7893552
7893553
7893554
7893555
7893556
7893557
7893558
7893559
7893560
7893561
7893562
7893563
7893564
7893565
7893566
7893567
7893568
7893569
7893570
7893571
7893572
7893573
7893574
7893575
7893576
7893577
7893578
7893579
7893580
7893581
7893582
7893583
7893584
7893585
7893586
7893587
7893588
7893589
7893590
7893591
7893592
7893593
7893594
7893595
7893596
7893597
7893598
7893599
7893600
7893601
7893602
7893603
7893604
7893605
7893606
7893607
7893608
7893609
7893610
7893611
7893612
7893613
7893614
7893615
7893616
7893617
7893618
7893619
7893620
7893621
7893622
7893623
7893624
7893625
7893626
7893627
7893628
7893629
7893630
7893631
7893632
7893633
7893634
7893635
7893636
7893637
7893638
7893639
7893640
7893641
7893642
7893643
7893644
7893645
7893646
7893647
7893648
7893649
7893650
7893651
7893652
7893653
7893654
7893655
7893656
7893657
7893658
7893659
7893660
7893661
7893662
7893663
7893664
7893665
7893666
7893667
7893668
7893669
7893670
7893671
7893672
7893673
7893674
7893675
7893676
7893677
7893678
7893679
7893681
7893682
7893683
7893684
7893685
7893686
7893687
7893688
7893689
7893690
7893691
7893692
7893693
7893694
7893695
7893696
7893697
7893698
7893699
7893700
7893701
7893702
7893703
7893704
7893705
7893706
7893707
7893708
7893709
7893710
7893711
7893712
7893713
7893714
7893715
7893716
7893717
7893718
7893719
7893720
7893721
7893722
7893723
7893724
7893725
7893726
7893727
7893728
7893729
7893730
7893731
7893732
7893733
7893734
7893735
7893736
7893737
7893738
7893739
7893740
7893741
7893742
7893743
7893744
7893745
7893746
7893747
7893748
7893749
7893750
7893751
7893752
7893753
7893754
7893755
7893756
7893757
7893758
7893759
7893760
7893761
7893762
7893763
7893764
7893765
7893766
7893767
7893768
7893769
7893770
7893771
7893772
7893773
7893774
7893775
7893776
7893777
7893778
7893779
7893780
7893781
7893782
7893783
7893784
7893785
7893786
7893787
7893788
7893789
7893790
7893791
7893792
7893793
7893794
7893795
7893796
7893797
7893798
7893799
7893800
7893801
7893802
7893803
7893804
7893805
7893806
7893807
7893808
7893809
7893810
7893811
7893812
7893813
7893814
7893815
7893816
7893817
7893818
7893819
7893820
7893821
7893822
7893823
7893824
7893825
7893826
7893827
7893828
7893829
7893830
7893831
7893832
7893833
7893834
7893835
7893836
7893837
7893838
7893839
7893840
7893841
7893842
7893843
7893844
7893845
7893846
7893847
7893848
7893849
7893850
7893851
7893853
7893854
7893855
7893856
7893857
7893858
7893859
7893860
7893861
7893862
7893863
7893864
7893865
7893866
7893867
7893868
7893869
7893870
7893871
7893872
7893873
7893874
7893875
7893876
7893877
7893878
7893879
7893880
7893881
7893882
7893883
7893884
7893885
7893886
7893887
7893888
7893889
7893890
7893891
7893892
7893893
7893894
7893895
7893896
7893897
7893898
7893899
7893900
7893901
7893902
7893904
7893905
7893906
7893907
7893908
7893909
7893910
7893911
7893912
7893913
7893914
7893915
7893916
7893917
7893918
7893919
7893920
7893921
7893922
7893923
7893924
7893925
7893926
7893927
7893928
7893929
7893930
7893931
7893932
7893933
7893934
7893935
7893936
7893937
7893938
7893939
7893940
7893941
7893942
7893943
7893944
7893945
7893946
7893947
7893948
7893949
7893950
7893951
7893952
7893953
7893954
7893955
7893956
7893957
7893958
7893959
7893960
7893961
7893962
7893963
7893964
7893965
7893966
7893967
7893968
7893969
7893970
7893971
7893972
7893973
7893974
7893975
7893976
7893977
7893978
7893979
7893980
7893981
7893982
7893983
7893984
7893985
7893986
7893987
7893988
7893989
7893990
7893991
7893992
7893993
7893994
7893995
7893996
7893997
7893998
7893999
7894000
7894001
7894002
7894003
7894004
7894005
7894006
7894007
7894008
7894009
7894010
7894011
7894012
7894013
7894014
7894015
7894016
7894017
7894018
7894019
7894020
7894021
7894022
7894023
7894024
7894025
7894026
7894027
7894028
7894029
7894030
7894031
7894032
7894033
7894034
7894035
7894036
7894037
7894038
7894039
7894040
7894041
7894042
7894043
7894044
7894045
7894046
7894047
7894048
7894049
7894050
7894051
7894052
7894053
7894054
7894055
7894056
7894057
7894058
7894059
7894060
7894061
7894062
7894063
7894064
7894065
7894066
7894067
7894068
7894069
7894070
7894071
7894072
7894073
7894074
7894075
7894076
7894077
7894078
7894079
7894080
7894081
7894082
7894083
7894084
7894085
7894086
7894087
7894088
7894089
7894090
7894091
7894092
7894093
7894094
7894095
7894096
7894097
7894098
7894099
7894100
7894101
7894102
7894103
7894104
7894105
7894106
7894107
7894108
7894109
7894110
7894111
7894112
7894113
7894114
7894115
7894116
7894117
7894118
7894119
7894120
7894121
7894122
7894123
7894124
7894125
7894126
7894128
7894129
7894130
7894131
7894132
7894133
7894134
7894135
7894136
7894137
7894138
7894139
7894140
7894141
7894142
7894143
7894144
7894145
7894146
7894147
7894148
7894149
7894150
7894151
7894152
7894153
7894154
7894155
7894156
7894157
7894158
7894159
7894160
7894161
7894162
7894163
7894165
7894166
7894167
7894168
7894169
7894170
7894171
7894172
7894173
7894174
7894175
7894176
7894177
7894178
7894179
7894180
7894181
7894182
7894183
7894184
7894185
7894186
7894187
7894188
7894189
7894190
7894191
7894192
7894193
7894194
7894195
7894196
7894197
7894198
7894199
7894200
7894201
7894202
7894203
7894204
7894205
7894206
7894207
7894208
7894209
7894210
7894211
7894212
7894213
7894214
7894215
7894216
7894217
7894218
7894219
7894220
7894221
7894222
7894223
7894224
7894225
7894226
7894227
7894228
7894229
7894230
7894231
7894232
7894233
7894234
7894235
7894236
7894237
7894238
7894239
7894240
7894241
7894242
7894243
7894244
7894245
7894246
7894247
7894248
7894249
7894250
7894251
7894252
7894253
7894254
7894255
7894256
7894257
7894258
7894259
7894260
7894262
7894263
7894264
7894265
7894266
7894267
7894268
7894269
7894270
7894271
7894272
7894273
7894274
7894275
7894276
7894277
7894278
7894279
7894280
7894281
7894282
7894283
7894284
7894285
7894286
7894287
7894288
7894289
7894290
7894291
7894292
7894293
7894294
7894295
7894296
7894297
7894298
7894299
7894300
7894301
7894302
7894303
7894304
7894305
7894306
7894307
7894308
7894309
7894310
7894311
7894312
7894313
7894314
7894315
7894316
7894317
7894318
7894319
7894320
7894321
7894322
7894323
7894324
7894325
7894326
7894327
7894328
7894329
7894330
7894331
7894332
7894333
7894334
7894335
7894336
7894337
7894338
7894339
7894340
7894341
7894342
7894343
7894344
7894345
7894346
7894347
7894349
7894350
7894351
7894352
7894353
7894354
7894355
7894356
7894357
7894358
7894359
7894360
7894361
7894362
7894363
7894364
7894365
7894366
7894367
7894368
7894369
7894370
7894371
7894372
7894373
7894374
7894375
7894376
7894377
7894378
7894379
7894380
7894381
7894382
7894383
7894384
7894385
7894386
7894387
7894388
7894389
7894390
7894391
7894392
7894393
7894394
7894395
7894396
7894397
7894398
7894399
7894400
7894401
7894402
7894403
7894404
7894405
7894406
7894407
7894408
7894409
7894410
7894411
7894412
7894413
7894414
7894415
7894416
7894417
7894418
7894419
7894420
7894421
7894422
7894423
7894425
7894426
7894427
7894428
7894429
7894430
7894431
7894432
7894433
7894434
7894435
7894436
7894437
7894438
7894439
7894440
7894441
7894442
7894443
7894444
7894445
7894446
7894447
7894448
7894449
7894450
7894451
7894452
7894453
7894454
7894455
7894456
7894457
7894458
7894459
7894460
7894461
7894462
7894463
7894464
7894465
7894466
7894467
7894468
7894469
7894470
7894471
7894472
7894473
7894474
7894475
7894476
7894477
7894478
7894479
7894480
7894481
7894482
7894483
7894484
7894485
7894486
7894487
7894488
7894489
7894490
7894491
7894492
7894493
7894494
7894495
7894496
7894497
7894498
7894499
7894500
7894501
7894502
7894503
7894504
7894505
7894506
7894507
7894508
7894509
7894510
7894511
7894512
7894513
7894514
7894515
7894516
7894517
7894518
7894519
7894520
7894521
7894522
7894523
7894524
7894525
7894526
7894527
7894528
7894529
7894530
7894531
7894532
7894533
7894534
7894535
7894536
7894537
7894538
7894539
7894540
7894541
7894542
7894543
7894544
7894545
7894546
7894547
7894548
7894549
7894550
7894551
7894552
7894553
7894554
7894555
7894556
7894557
7894558
7894559
7894560
7894561
7894562
7894563
7894564
7894565
7894566
7894567
7894568
7894569
7894570
7894571
7894572
7894573
7894574
7894575
7894576
7894577
7894578
7894579
7894580
7894581
7894582
7894583
7894584
7894586
7894587
7894588
7894589
7894590
7894591
7894592
7894593
7894594
7894595
7894596
7894597
7894598
7894599
7894600
7894601
7894602
7894603
7894604
7894605
7894606
7894607
7894608
7894609
7894610
7894611
7894612
7894613
7894614
7894615
7894616
7894617
7894618
7894619
7894620
7894621
7894622
7894623
7894624
7894625
7894626
7894627
7894628
7894629
7894630
7894631
7894632
7894633
7894634
7894635
7894636
7894637
7894638
7894639
7894640
7894641
7894642
7894643
7894644
7894645
7894646
7894647
7894648
7894649
7894650
7894651
7894652
7894653
7894654
7894655
7894656
7894657
7894658
7894659
7894660
7894661
7894662
7894663
7894664
7894665
7894666
7894667
7894668
7894669
7894670
7894671
7894672
7894673
7894674
7894675
7894676
7894677
7894678
7894679
7894680
7894681
7894682
7894683
7894685
7894686
7894687
7894688
7894689
7894690
7894691
7894692
7894693
7894694
7894696
7894697
7894698
7894699
7894700
7894701
7894702
7894703
7894704
7894705
7894706
7894707
7894708
7894709
7894710
7894711
7894712
7894713
7894714
7894715
7894716
7894717
7894718
7894719
7894720
7894721
7894722
7894723
7894724
7894725
7894726
7894727
7894728
7894729
7894731
7894732
7894733
7894734
7894735
7894736
7894737
7894738
7894739
7894740
7894741
7894742
7894743
7894744
7894745
7894746
7894747
7894748
7894749
7894750
7894751
7894752
7894753
7894754
7894755
7894756
7894757
7894758
7894759
7894760
7894761
7894762
7894763
7894764
7894765
7894766
7894767
7894768
7894769
7894770
7894771
7894772
7894773
7894774
7894775
7894776
7894777
7894778
7894779
7894780
7894781
7894782
7894783
7894784
7894785
7894786
7894787
7894788
7894789
7894790
7894791
7894792
7894793
7894794
7894795
7894796
7894797
7894798
7894799
7894800
7894801
7894802
7894803
7894804
7894805
7894806
7894807
7894808
7894809
7894810
7894811
7894812
7894813
7894814
7894815
7894816
7894817
7894818
7894819
7894820
7894821
7894822
7894823
7894824
7894825
7894826
7894827
7894828
7894829
7894830
7894831
7894832
7894833
7894834
7894835
7894836
7894837
7894838
7894840
7894841
7894842
7894843
7894844
7894845
7894846
7894847
7894848
7894849
7894850
7894851
7894852
7894853
7894854
7894855
7894856
7894857
7894858
7894859
7894860
7894861
7894862
7894863
7894864
7894865
7894866
7894867
7894868
7894869
7894870
7894871
7894872
7894873
7894874
7894875
7894876
7894877
7894878
7894879
7894880
7894881
7894882
7894883
7894884
7894885
7894886
7894887
7894888
7894889
7894890
7894891
7894892
7894893
7894894
7894895
7894896
7894897
7894898
7894899
7894900
7894901
7894902
7894903
7894904
7894905
7894906
7894907
7894908
7894909
7894910
7894911
7894912
7894913
7894914
7894915
7894916
7894917
7894918
7894919
7894920
7894921
7894922
7894923
7894924
7894925
7894926
7894927
7894928
7894929
7894930
7894931
7894932
7894933
7894934
7894935
7894936
7894937
7894938
7894939
7894940
7894941
7894942
7894943
7894944
7894945
7894946
7894947
7894948
7894949
7894950
7894951
7894952
7894953
7894954
7894955
7894956
7894957
7894958
7894959
7894960
7894961
7894962
7894963
7894964
7894965
7894966
7894967
7894968
7894969
7894970
7894971
7894972
7894973
7894974
7894975
7894976
7894977
7894978
7894979
7894980
7894981
7894982
7894983
7894984
7894985
7894986
7894987
7894988
7894989
7894990
7894991
7894992
7894993
7894994
7894995
7894996
7894997
7894998
7894999
7895000
7895001
7895002
7895003
7895004
7895005
7895006
7895007
7895008
7895009
7895010
7895011
7895012
7895013
7895014
7895015
7895016
7895017
7895018
7895019
7895020
7895021
7895022
7895023
7895024
7895025
7895026
7895027
7895028
7895029
7895030
7895031
7895032
7895033
7895034
7895035
7895036
7895037
7895038
7895039
7895040
7895041
7895042
7895043
7895044
7895045
7895046
7895047
7895048
7895049
7895050
7895051
7895052
7895053
7895054
7895055
7895056
7895057
7895058
7895059
7895060
7895061
7895062
7895063
7895064
7895065
7895066
7895067
7895068
7895069
7895070
7895071
7895072
7895073
7895074
7895075
7895076
7895077
7895078
7895080
7895081
7895082
7895083
7895084
7895085
7895086
7895087
7895088
7895089
7895090
7895091
7895092
7895093
7895094
7895095
7895096
7895097
7895098
7895099
7895100
7895101
7895102
7895103
7895104
7895105
7895106
7895107
7895108
7895109
7895110
7895111
7895112
7895113
7895114
7895115
7895116
7895117
7895118
7895119
7895120
7895121
7895122
7895123
7895124
7895125
7895126
7895127
7895128
7895129
7895130
7895131
7895132
7895133
7895134
7895135
7895136
7895137
7895138
7895139
7895140
7895141
7895142
7895143
7895144
7895145
7895146
7895147
7895148
7895149
7895150
7895151
7895152
7895153
7895154
7895155
7895156
7895157
7895158
7895159
7895160
7895161
7895162
7895163
7895164
7895165
7895166
7895167
7895168
7895169
7895170
7895171
7895172
7895173
7895174
7895175
7895176
7895177
7895178
7895179
7895180
7895181
7895182
7895183
7895184
7895185
7895186
7895187
7895188
7895189
7895190
7895191
7895192
7895193
7895194
7895195
7895196
7895197
7895198
7895199
7895200
7895201
7895202
7895203
7895204
7895205
7895206
7895207
7895208
7895209
7895210
7895211
7895212
7895213
7895214
7895215
7895216
7895217
7895218
7895219
7895220
7895221
7895222
7895223
7895224
7895225
7895226
7895227
7895228
7895229
7895230
7895231
7895232
7895233
7895234
7895235
7895236
7895237
7895238
7895239
7895240
7895241
7895242
7895243
7895244
7895245
7895246
7895247
7895248
7895249
7895250
7895251
7895252
7895253
7895254
7895255
7895256
7895257
7895258
7895259
7895260
7895261
7895262
7895263
7895264
7895265
7895266
7895267
7895268
7895269
7895270
7895271
7895272
7895273
7895274
7895275
7895276
7895277
7895278
7895279
7895280
7895281
7895282
7895283
7895284
7895285
7895286
7895287
7895288
7895289
7895290
7895291
7895292
7895293
7895294
7895295
7895296
7895297
7895298
7895299
7895300
7895301
7895302
7895303
7895304
7895305
7895306
7895307
7895308
7895309
7895310
7895311
7895312
7895313
7895314
7895315
7895316
7895317
7895318
7895319
7895320
7895321
7895322
7895323
7895324
7895325
7895326
7895327
7895328
7895329
7895330
7895331
7895332
7895333
7895334
7895335
7895336
7895337
7895338
7895339
7895340
7895341
7895342
7895343
7895344
7895345
7895346
7895347
7895348
7895349
7895350
7895351
7895352
7895353
7895354
7895355
7895356
7895357
7895358
7895359
7895360
7895361
7895362
7895363
7895364
7895365
7895366
7895367
7895368
7895369
7895370
7895371
7895372
7895373
7895374
7895375
7895376
7895377
7895378
7895379
7895380
7895381
7895382
7895383
7895384
7895385
7895386
7895387
7895388
7895389
7895390
7895391
7895392
7895393
7895394
7895395
7895396
7895397
7895398
7895399
7895400
7895401
7895402
7895403
7895404
7895405
7895406
7895407
7895408
7895409
7895410
7895411
7895412
7895413
7895414
7895415
7895416
7895417
7895418
7895419
7895420
7895421
7895422
7895423
7895424
7895425
7895426
7895427
7895428
7895429
7895430
7895432
7895433
7895434
7895435
7895436
7895437
7895438
7895439
7895440
7895441
7895442
7895443
7895444
7895445
7895446
7895447
7895448
7895449
7895450
7895451
7895452
7895453
7895454
7895455
7895456
7895457
7895458
7895459
7895460
7895461
7895462
7895463
7895464
7895465
7895466
7895467
7895468
7895469
7895470
7895471
7895472
7895473
7895474
7895475
7895476
7895477
7895478
7895479
7895480
7895481
7895482
7895483
7895484
7895485
7895486
7895487
7895488
7895489
7895490
7895491
7895492
7895493
7895494
7895495
7895496
7895497
7895498
7895499
7895500
7895501
7895502
7895503
7895504
7895505
7895506
7895507
7895508
7895509
7895510
7895511
7895512
7895513
7895514
7895515
7895516
7895517
7895518
7895519
7895520
7895521
7895522
7895523
7895524
7895525
7895526
7895527
7895528
7895529
7895530
7895531
7895532
7895533
7895534
7895535
7895536
7895537
7895538
7895539
7895540
7895541
7895542
7895543
7895544
7895545
7895546
7895547
7895548
7895549
7895550
7895551
7895552
7895553
7895554
7895555
7895556
7895557
7895558
7895559
7895560
7895561
7895562
7895563
7895564
7895565
7895566
7895567
7895568
7895569
7895570
7895571
7895572
7895573
7895574
7895575
7895576
7895577
7895578
7895579
7895580
7895581
7895582
7895583
7895584
7895585
7895586
7895587
7895588
7895589
7895590
7895591
7895592
7895593
7895594
7895595
7895596
7895597
7895598
7895599
7895600
7895601
7895602
7895603
7895604
7895605
7895606
7895607
7895608
7895609
7895610
7895611
7895612
7895613
7895614
7895615
7895616
7895617
7895618
7895619
7895620
7895621
7895622
7895623
7895624
7895625
7895626
7895627
7895628
7895629
7895630
7895631
7895632
7895633
7895634
7895635
7895636
7895637
7895638
7895639
7895640
7895641
7895642
7895643
7895644
7895645
7895646
7895647
7895648
7895649
7895650
7895651
7895652
7895653
7895654
7895655
7895656
7895657
7895658
7895659
7895660
7895661
7895662
7895663
7895664
7895665
7895666
7895667
7895668
7895669
7895670
7895671
7895672
7895673
7895674
7895675
7895676
7895677
7895678
7895679
7895680
7895681
7895682
7895683
7895684
7895685
7895686
7895687
7895688
7895689
7895690
7895691
7895692
7895693
7895694
7895695
7895696
7895697
7895698
7895699
7895700
7895701
7895702
7895703
7895704
7895705
7895706
7895707
7895708
7895709
7895710
7895711
7895712
7895713
7895714
7895715
7895716
7895717
7895718
7895719
7895720
7895721
7895722
7895723
7895724
7895725
7895726
7895727
7895728
7895729
7895730
7895731
7895732
7895733
7895734
7895735
7895736
7895737
7895738
7895739
7895740
7895741
7895742
7895743
7895744
7895745
7895746
7895747
7895748
7895749
7895750
7895751
7895752
7895753
7895754
7895755
7895756
7895757
7895758
7895759
7895760
7895761
7895762
7895763
7895764
7895765
7895766
7895767
7895768
7895769
7895770
7895771
7895772
7895774
7895775
7895776
7895777
7895778
7895779
7895780
7895781
7895782
7895783
7895784
7895785
7895786
7895787
7895788
7895789
7895790
7895791
7895792
7895793
7895794
7895795
7895796
7895797
7895798
7895799
7895800
7895801
7895802
7895803
7895804
7895805
7895806
7895807
7895808
7895809
7895810
7895811
7895812
7895813
7895814
7895815
7895816
7895817
7895818
7895819
7895820
7895821
7895822
7895823
7895824
7895825
7895826
7895827
7895828
7895829
7895830
7895831
7895832
7895833
7895834
7895835
7895836
7895837
7895838
7895839
7895840
7895841
7895842
7895843
7895844
7895845
7895846
7895847
7895848
7895849
7895850
7895851
7895852
7895853
7895854
7895855
7895856
7895857
7895858
7895859
7895860
7895861
7895862
7895863
7895864
7895865
7895866
7895867
7895868
7895869
7895870
7895871
7895872
7895873
7895874
7895875
7895876
7895877
7895878
7895879
7895880
7895881
7895882
7895883
7895884
7895885
7895886
7895887
7895888
7895889
7895890
7895891
7895892
7895894
7895895
7895896
7895897
7895898
7895899
7895900
7895901
7895902
7895903
7895904
7895905
7895906
7895907
7895908
7895909
7895910
7895911
7895912
7895913
7895914
7895915
7895916
7895917
7895918
7895919
7895920
7895921
7895922
7895923
7895924
7895925
7895926
7895927
7895928
7895929
7895930
7895931
7895932
7895933
7895934
7895935
7895936
7895937
7895938
7895939
7895941
7895942
7895943
7895944
7895945
7895946
7895947
7895948
7895949
7895950
7895951
7895952
7895953
7895954
7895955
7895956
7895957
7895958
7895959
7895960
7895961
7895962
7895963
7895964
7895965
7895966
7895967
7895968
7895969
7895970
7895971
7895972
7895973
7895974
7895975
7895976
7895977
7895978
7895979
7895980
7895981
7895982
7895983
7895984
7895985
7895986
7895987
7895988
7895989
7895990
7895991
7895992
7895993
7895994
7895995
7895996
7895997
7895998
7895999
7896000
7896001
7896002
7896003
7896004
7896005
7896006
7896007
7896008
7896009
7896010
7896011
7896012
7896013
7896014
7896015
7896016
7896017
7896018
7896019
7896020
7896021
7896022
7896023
7896024
7896025
7896026
7896027
7896028
7896029
7896030
7896031
7896032
7896033
7896034
7896035
7896036
7896037
7896038
7896039
7896040
7896041
7896043
7896044
7896045
7896046
7896047
7896049
7896050
7896051
7896052
7896053
7896054
7896055
7896056
7896057
7896058
7896059
7896060
7896061
7896062
7896063
7896064
7896065
7896066
7896067
7896068
7896069
7896070
7896071
7896072
7896073
7896074
7896075
7896076
7896077
7896078
7896079
7896080
7896081
7896082
7896083
7896084
7896085
7896086
7896087
7896088
7896089
7896090
7896091
7896092
7896093
7896094
7896095
7896096
7896097
7896098
7896099
7896100
7896101
7896102
7896103
7896104
7896105
7896106
7896107
7896108
7896109
7896110
7896111
7896112
7896113
7896114
7896115
7896116
7896117
7896118
7896119
7896120
7896121
7896122
7896123
7896124
7896125
7896126
7896127
7896128
7896129
7896130
7896131
7896132
7896133
7896134
7896135
7896136
7896137
7896138
7896139
7896140
7896141
7896142
7896143
7896144
7896145
7896146
7896147
7896148
7896149
7896150
7896151
7896152
7896153
7896154
7896155
7896156
7896157
7896158
7896159
7896160
7896161
7896162
7896163
7896164
7896165
7896166
7896167
7896168
7896169
7896170
7896171
7896172
7896173
7896174
7896175
7896176
7896177
7896178
7896179
7896180
7896181
7896182
7896183
7896184
7896185
7896186
7896187
7896188
7896189
7896190
7896191
7896192
7896193
7896194
7896195
7896196
7896197
7896198
7896199
7896200
7896201
7896202
7896203
7896204
7896205
7896206
7896207
7896208
7896209
7896210
7896211
7896212
7896213
7896214
7896215
7896216
7896217
7896218
7896219
7896220
7896221
7896222
7896223
7896224
7896225
7896226
7896227
7896228
7896229
7896230
7896231
7896232
7896233
7896234
7896235
7896236
7896237
7896238
7896239
7896240
7896241
7896242
7896243
7896244
7896245
7896246
7896247
7896248
7896249
7896250
7896251
7896252
7896253
7896254
7896255
7896256
7896257
7896258
7896259
7896260
7896261
7896262
7896263
7896264
7896265
7896266
7896267
7896268
7896269
7896270
7896271
7896272
7896273
7896274
7896275
7896276
7896277
7896278
7896279
7896280
7896281
7896282
7896283
7896284
7896285
7896286
7896287
7896288
7896289
7896290
7896291
7896292
7896293
7896294
7896295
7896296
7896297
7896298
7896299
7896300
7896301
7896302
7896303
7896304
7896305
7896306
7896307
7896308
7896309
7896310
7896311
7896312
7896313
7896314
7896315
7896316
7896317
7896318
7896319
7896320
7896321
7896322
7896323
7896324
7896325
7896326
7896327
7896328
7896329
7896330
7896331
7896332
7896333
7896334
7896335
7896336
7896337
7896338
7896339
7896340
7896341
7896342
7896343
7896344
7896345
7896346
7896347
7896348
7896349
7896350
7896351
7896352
7896353
7896354
7896355
7896356
7896357
7896358
7896359
7896360
7896361
7896362
7896363
7896364
7896365
7896366
7896367
7896368
7896369
7896370
7896371
7896372
7896373
7896374
7896375
7896376
7896377
7896378
7896379
7896380
7896381
7896382
7896383
7896384
7896385
7896386
7896387
7896388
7896389
7896390
7896391
7896392
7896393
7896394
7896395
7896396
7896397
7896398
7896399
7896400
7896401
7896402
7896403
7896404
7896405
7896406
7896407
7896408
7896409
7896410
7896411
7896412
7896413
7896414
7896415
7896416
7896417
7896418
7896419
7896420
7896421
7896422
7896423
7896424
7896425
7896426
7896427
7896429
7896430
7896431
7896432
7896433
7896434
7896435
7896436
7896437
7896438
7896439
7896440
7896441
7896442
7896443
7896444
7896445
7896446
7896447
7896448
7896449
7896450
7896451
7896452
7896453
7896454
7896455
7896456
7896457
7896458
7896459
7896460
7896461
7896462
7896463
7896464
7896465
7896466
7896467
7896468
7896469
7896470
7896471
7896472
7896473
7896474
7896475
7896476
7896477
7896478
7896479
7896480
7896481
7896482
7896483
7896484
7896485
7896486
7896487
7896488
7896489
7896490
7896491
7896492
7896493
7896494
7896495
7896496
7896497
7896498
7896499
7896500
7896501
7896502
7896503
7896504
7896505
7896506
7896507
7896508
7896509
7896510
7896511
7896512
7896513
7896514
7896515
7896516
7896517
7896518
7896519
7896520
7896521
7896522
7896523
7896524
7896525
7896526
7896527
7896528
7896529
7896530
7896531
7896532
7896533
7896534
7896535
7896536
7896537
7896538
7896540
7896541
7896542
7896544
7896545
7896546
7896547
7896548
7896549
7896550
7896551
7896552
7896553
7896554
7896555
7896556
7896557
7896558
7896559
7896561
7896562
7896563
7896564
7896565
7896566
7896567
7896568
7896569
7896570
7896571
7896572
7896573
7896574
7896575
7896576
7896577
7896578
7896579
7896580
7896581
7896582
7896583
7896584
7896585
7896586
7896587
7896588
7896589
7896590
7896591
7896592
7896593
7896594
7896595
7896596
7896597
7896598
7896599
7896600
7896601
7896602
7896603
7896604
7896605
7896606
7896607
7896608
7896609
7896610
7896611
7896612
7896613
7896614
7896615
7896616
7896617
7896618
7896619
7896620
7896621
7896622
7896623
7896624
7896625
7896626
7896627
7896628
7896629
7896630
7896631
7896632
7896633
7896634
7896635
7896636
7896637
7896638
7896639
7896640
7896641
7896642
7896643
7896644
7896645
7896646
7896647
7896648
7896649
7896650
7896651
7896652
7896653
7896654
7896655
7896656
7896657
7896658
7896659
7896660
7896661
7896662
7896663
7896664
7896665
7896666
7896667
7896668
7896669
7896670
7896671
7896672
7896673
7896674
7896675
7896676
7896677
7896678
7896679
7896680
7896681
7896682
7896683
7896684
7896685
7896686
7896687
7896688
7896689
7896690
7896691
7896692
7896693
7896694
7896695
7896696
7896697
7896698
7896699
7896700
7896701
7896702
7896703
7896704
7896705
7896706
7896707
7896708
7896709
7896710
7896711
7896712
7896713
7896714
7896715
7896716
7896717
7896718
7896719
7896720
7896721
7896722
7896723
7896724
7896725
7896726
7896727
7896728
7896729
7896730
7896736
7896738
7896740
7896742
7896744
7896746
7896748
7896750
7896752
7896754
7896756
7896759
7896761
7896779
7896798
7896817
7896822
7896859
7896861
7896863
7896865
7896878
7896882
7896908
7896917
7896921
7896929
7896937
7896952
7896961
7896983
7896985
7897006
7897026
7897034
7897044
7897066
7897068
7897076
7897078
7897089
7897119
7897128
7897132
7897154
7897172
7897179
7897196
7897210
7897227
7897236
7897257
7897263
7897277
7897280
7897286
7897288
7897293
7897295
7897305
7897322
7897329
7897339
7897368
7897370
7897378
7897404
7897416
7897422
7897424
7897426
7897439
7897441
7897449
7897460
7897469
7897482
7897509
7897520
7897522
7897527
7897559
7897561
7897620
7897632
7897648
7897661
7897663
7897675
7897683
7897685
7897691
7897714
7897728
7897737
7897745
7897753
7897774
7897801
7897803
7897824
7897849
7897860
7897877
7897890
7897953
7897955
7897960
7897964
7897966
7897974
7897978
7897987
7897991
7897995
7897997
7898002
7898007
7898012
7898020
7898026
7898030
7898034
7898040
7898048
7898052
7898057
7898070
7898084
7898102
7898112
7898115
7898124
7898161
7898167
7898176
7898184
7898192
7898209
7898211
7898227
7898249
7898256
7898263
7898276
7898278
7898294
7898296
7898300
7898314
7898328
7898337
7898350
7898353
7898355
7898357
7898371
7898373
7898375
7898377
7898405
7898407
7898411
7898413
7898431
7898448
7898466
7898483
7898516
7898521
7898533
7898535
7898537
7898549
7898556
7898568
7898570
7898572
7898574
7898582
7898585
7898594
7898602
7898607
7898609
7898616
7898623
7898627
7898653
7898655
7898663
7898673
7898675
7898677
7898679
7898693
7898707
7898713
7898721
7898723
7898725
7898732
7898734
7898736
7898739
7898750
7898773
7898793
7898799
7898805
7898809
7898833
7898854
7898856
7898858
7898869
7898875
7898881
7898894
7898902
7898910
7898916
7898939
7898957
7898967
7898975
7898988
7898998
7899005
7899016
7899018
7899023
7899029
7899043
7899057
7899069
7899071
7899073
7899075
7899087
7899093
7899096
7899101
7899124
7899134
7899151
7899153
7899160
7899167
7899173
7899187
7899192
7899220
7899244
7899251
7899253
7899265
7899273
7899284
7899287
7899289
7899310
7899323
7899343
7899346
7899348
7899350
7899361
7899375
7899377
7899392
7899394
7899407
7899417
7899422
7899424
7899436
7899448
7899455
7899462
7899480
7899484
7899486
7899499
7899502
7899504
7899517
7899519
7899528
7899534
7899560
7899562
7899595
7899600
7899602
7899604
7899615
7899627
7899643
7899654
7899675
7899688
7899703
7899719
7899727
7899737
7899750
7899753
7899774
7899790
7899795
7899797
7899811
7899813
7899821
7899829
7899841
7899849
7899851
7899870
7899882
7899884
7899898
7899905
7899909
7899911
7899921
7899927
7899932
7899939
7899943
7899955
7899957
7899988
7899990
7900001
7900009
7900030
7900051
7900076
7900087
7900095
7900119
7900129
7900144
7900146
7900157
7900159
7900167
7900181
7900183
7900192
7900197
7900201
7900212
7900214
7900216
7900228
7900235
7900336
7900340
7900350
7900352
7900354
7900365
7900382
7900395
7900405
7900407
7900409
7900413
7900426
7900438
7900446
7900454
7900461
7900468
7900488
7900490
7900492
7900508
7900510
7900531
7900538
7900540
7900546
7900555
7900576
7900585
7900597
7900603
7900609
7900624
7900633
7900635
7900639
7900652
7900654
7900658
7900683
7900699
7900710
7900792
7900833
7900857
7900876
7900878
7900888
7900911
7900922
7900931
7900944
7900957
7900962
7900977
7900979
7900999
7901010
7901036
7901038
7901046
7901048
7901050
7901052
7901054
7901071
7901073
7901087
7901091
7901102
7901110
7901123
7901135
7901140
7901175
7901187
7901192
7901212
7901219
7901227
7901229
7901247
7901253
7901256
7901272
7901287
7901293
7901299
7901309
7901311
7901314
7901316
7901334
7901336
7901338
7901340
7901342
7901357
7901359
7901361
7901363
7901374
7901376
7901383
7901385
7901416
7901418
7901426
7901443
7901445
7901447
7901460
7901466
7901477
7901479
7901495
7901497
7901513
7901535
7901549
7901557
7901563
7901565
7901577
7901592
7901601
7901611
7901613
7901634
7901662
7901675
7901687
7901691
7901696
7901710
7901712
7901714
7901720
7901732
7901744
7901746
7901748
7901765
7901788
7901802
7901804
7901852
7901854
7901856
7901858
7901860
7901867
7901883
7901895
7901911
7901913
7901915
7901931
7901948
7901951
7901967
7901969
7901982
7901993
7902023
7902036
7902038
7902043
7902072
7902074
7902102
7902104
7902127
7902158
7902166
7902189
7902203
7902205
7902223
7902225
7902227
7902235
7902265
7902267
7902269
7902282
7902290
7902306
7902308
7902317
7902345
7902353
7902365
7902367
7902382
7902396
7902398
7902400
7902402
7902425
7902435
7902439
7902441
7902448
7902452
7902472
7902474
7902476
7902493
7902495
7902512
7902518
7902527
7902541
7902553
7902563
7902565
7902592
7902594
7902611
7902615
7902617
7902623
7902634
7902645
7902660
7902685
7902687
7902700
7902702
7902721
7902738
7902754
7902771
7902787
7902789
7902799
7902808
7902810
7902822
7902848
7902850
7902861
7902874
7902883
7902891
7902909
7902911
7902913
7902930
7902934
7902957
7902965
7902977
7902984
7902992
7903008
7903010
7903022
7903024
7903026
7903028
7903030
7903032
7903049
7903079
7903090
7903092
7903109
7903111
7903113
7903115
7903117
7903119
7903144
7903162
7903171
7903181
7903183
7903186
7903188
7903203
7903214
7903227
7903239
7903281
7903292
7903294
7903308
7903321
7903334
7903355
7903358
7903369
7903389
7903391
7903393
7903399
7903401
7903404
7903407
7903414
7903425
7903440
7903455
7903457
7903461
7903474
7903478
7903490
7903507
7903519
7903530
7903541
7903561
7903565
7903582
7903586
7903592
7903619
7903632
7903667
7903676
7903688
7903694
7903703
7903717
7903719
7903742
7903753
7903765
7903777
7903786
7903803
7903827
7903851
7903854
7903867
7903876
7903878
7903884
7903889
7903893
7903906
7903908
7903920
7903935
7903945
7903959
7903970
7903972
7903980
7903988
7904000
7904014
7904016
7904018
7904025
7904036
7904048
7904050
7904073
7904082
7904084
7904086
7904106
7904131
7904137
7904158
7904164
7904166
7904168
7904203
7904209
7904211
7904226
7904244
7904252
7904254
7904281
7904287
7904293
7904303
7904314
7904340
7904361
7904364
7904394
7904396
7904408
7904414
7904417
7904421
7904429
7904431
7904433
7904448
7904450
7904452
7904463
7904465
7904469
7904478
7904480
7904482
7904486
7904500
7904506
7904562
7904569
7904572
7904574
7904691
7904693
7904695
7904702
7904713
7904715
7904717
7904726
7904737
7904742
7904751
7904755
7904761
7904796
7904812
7904830
7904843
7904853
7904863
7904865
7904867
7904869
7904872
7904874
7904877
7904879
7904881
7904883
7904907
7904921
7904923
7904927
7904930
7904946
7904948
7904951
7904953
7904955
7904959
7904963
7904965
7904967
7904969
7904974
7904976
7904997
7904999
7905016
7905018
7905020
7905025
7905028
7905033
7905035
7905037
7905039
7905043
7905047
7905051
7905054
7905058
7905060
7905067
7905077
7905079
7905085
7905088
7905092
7905099
7905116
7905127
7905129
7905131
7905145
7905147
7905154
7905163
7905171
7905185
7905198
7905220
7905233
7905254
7905256
7905258
7905283
7905299
7905308
7905324
7905329
7905339
7905349
7905355
7905365
7905374
7905382
7905395
7905406
7905428
7905444
7905462
7905464
7905474
7905481
7905483
7905486
7905490
7905492
7905496
7905500
7905503
7905505
7905507
7905510
7905512
7905515
7905517
7905519
7905523
7905525
7905528
7905530
7905533
7905536
7905544
7905548
7905553
7905559
7905563
7905569
7905571
7905576
7905581
7905589
7905598
7905606
7905629
7905631
7905664
7905677
7905691
7905698
7905700
7905731
7905733
7905742
7905744
7905746
7905754
7905789
7905801
7905817
7905826
7905831
7905848
7905854
7905862
7905881
7905909
7905918
7905927
7905929
7905938
7905949
7905951
7905968
7905974
7905986
7905999
7906015
7906017
7906021
7906041
7906056
7906061
7906069
7906072
7906079
7906085
7906107
7906128
7906133
7906140
7906146
7906154
7906163
7906175
7906177
7906185
7906194
7906197
7906205
7906223
7906233
7906235
7906244
7906264
7906284
7906303
7906305
7906307
7906330
7906339
7906348
7906355
7906365
7906367
7906370
7906372
7906374
7906377
7906386
7906400
7906417
7906433
7906435
7906443
7906452
7906458
7906465
7906467
7906469
7906475
7906486
7906496
7906501
7906527
7906552
7906564
7906574
7906576
7906597
7906602
7906613
7906622
7906642
7906652
7906662
7906671
7906688
7906703
7906720
7906728
7906742
7906746
7906751
7906753
7906757
7906764
7906767
7906775
7906777
7906784
7906786
7906797
7906808
7906810
7906819
7906838
7906852
7906863
7906878
7906898
7906900
7906904
7906919
7906930
7906948
7906950
7906952
7906954
7906969
7906973
7906978
7906988
7906993
7906995
7907008
7907010
7907012
7907024
7907032
7907049
7907051
7907053
7907058
7907079
7907090
7907092
7907104
7907124
7907135
7907146
7907156
7907160
7907171
7907183
7907211
7907213
7907222
7907232
7907249
7907260
7907271
7907286
7907297
7907308
7907310
7907349
7907351
7907353
7907368
7907370
7907394
7907396
7907404
7907430
7907439
7907445
7907462
7907464
7907466
7907486
7907492
7907531
7907535
7907537
7907549
7907568
7907572
7907601
7907611
7907633
7907649
7907655
7907657
7907680
7907690
7907700
7907702
7907719
7907747
7907749
7907769
7907773
7907788
7907790
7907830
7907847
7907849
7907859
7907861
7907882
7907893
7907904
7907907
7907911
7907960
7907962
7907964
7907966
7907968
7907970
7907972
7907977
7907986
7908003
7908022
7908041
7908072
7908097
7908125
7908147
7908155
7908157
7908159
7908161
7908169
7908178
7908204
7908312
7908328
7908330
7908347
7908351
7908371
7908376
7908382
7908388
7908397
7908407
7908409
7908421
7908437
7908459
7908481
7908488
7908492
7908496
7908499
7908508
7908525
7908529
7908543
7908553
7908591
7908593
7908595
7908597
7908610
7908612
7908614
7908635
7908637
7908639
7908650
7908672
7908692
7908694
7908728
7908730
7908732
7908758
7908766
7908775
7908777
7908779
7908793
7908812
7908816
7908839
7908841
7908861
7908863
7908867
7908879
7908907
7908917
7908924
7908931
7908940
7908966
7908968
7908978
7908988
7908993
7909011
7909027
7909064
7909088
7909102
7909104
7909125
7909127
7909140
7909142
7909144
7909146
7909155
7909164
7909175
7909188
7909214
7909225
7909236
7909250
7909261
7909271
7909283
7909285
7909306
7909318
7909332
7909350
7909371
7909390
7909400
7909418
7909422
7909425
7909441
7909446
7909455
7909478
7909494
7909503
7909510
7909525
7909527
7909529
7909545
7909561
7909568
7909586
7909601
7909603
7909610
7909624
7909626
7909628
7909642
7909661
7909681
7909689
7909708
7909730
7909745
7909768
7909780
7909782
7909789
7909801
7909811
7909813
7909815
7909839
7909841
7909862
7909866
7909877
7909888
7909890
7909896
7909898
7909931
7909946
7909954
7909965
7909967
7909990
7909992
7909999
7910001
7910010
7910012
7910014
7910022
7910030
7910047
7910054
7910096
7910099
7910111
7910124
7910134
7910138
7910140
7910142
7910146
7910164
7910184
7910186
7910188
7910190
7910198
7910200
7910211
7910217
7910229
7910241
7910257
7910261
7910265
7910369
7910372
7910377
7910379
7910381
7910383
7910385
7910387
7910396
7910398
7910414
7910416
7910427
7910446
7910466
7910490
7910492
7910494
7910503
7910520
7910539
7910550
7910559
7910583
7910585
7910587
7910589
7910591
7910600
7910611
7910618
7910630
7910634
7910636
7910638
7910640
7910651
7910672
7910674
7910676
7910680
7910692
7910694
7910706
7910727
7910752
7910790
7910792
7910897
7910899
7910901
7910903
7910905
7910907
7910909
7910911
7910913
7910915
7910923
7910944
7910946
7910948
7910950
7910971
7910997
7911017
7911038
7911045
7911047
7911049
7911056
7911078
7911085
7911092
7911094
7911096
7911108
7911110
7911112
7911114
7911136
7911138
7911155
7911170
7911174
7911176
7911178
7911197
7911199
7911207
7911209
7911211
7911213
7911215
7911218
7911229
7911231
7911233
7911235
7911237
7911241
7911243
7911248
7911252
7911258
7911260
7911263
7911265
7911267
7911269
7911271
7911273
7911276
7911278
7911281
7911283
7911285
7911287
7911289
7911301
7911307
7911309
7911323
7911329
7911331
7911333
7911335
7911337
7911339
7911341
7911343
7911345
7911347
7911349
7911351
7911355
7911359
7911371
7911376
7911383
7911403
7911413
7911422
7911435
7911444
7911458
7911486
7911506
7911529
7911532
7911539
7911559
7911566
7911568
7911578
7911591
7911600
7911619
7911634
7911643
7911657
7911659
7911676
7911681
7911683
7911699
7911701
7911718
7911720
7911730
7911750
7911754
7911767
7911793
7911796
7911799
7911839
7911854
7911862
7911870
7911897
7911902
7911941
7911989
7911993
7912004
7912012
7912031
7912040
7912056
7912086
7912102
7912112
7912133
7912136
7912145
7912155
7912157
7912162
7912164
7912166
7912194
7912196
7912198
7912207
7912209
7912211
7912224
7912239
7912248
7912250
7912252
7912254
7912257
7912280
7912283
7912292
7912303
7912316
7912343
7912347
7912349
7912361
7912374
7912385
7912412
7912473
7912481
7912496
7912511
7912515
7912520
7912525
7912527
7912529
7912531
7912535
7912537
7912547
7912552
7912555
7912561
7912567
7912575
7912580
7912582
7912585
7912589
7912591
7912595
7912601
7912606
7912610
7912617
7912622
7912625
7912627
7912629
7912638
7912646
7912659
7912670
7912672
7912675
7912692
7912701
7912706
7912724
7912743
7912750
7912762
7912764
7912784
7912800
7912802
7912804
7912806
7912808
7912839
7912850
7912852
7912854
7912861
7912863
7912882
7912884
7912887
7912898
7912928
7912937
7912956
7912968
7912975
7912994
7913001
7913110
7913138
7913146
7913154
7913156
7913169
7913185
7913187
7913206
7913211
7913216
7913226
7913235
7913237
7913242
7913249
7913252
7913256
7913271
7913290
7913300
7913319
7913357
7913380
7913385
7913415
7913450
7913547
7913556
7913558
7913566
7913571
7913582
7913593
7913609
7913642
7913644
7913655
7913663
7913665
7913667
7913682
7913694
7913705
7913712
7913727
7913768
7913776
7913787
7913799
7913801
7913803
7913805
7913814
7913824
7913835
7913850
7913852
7913858
7913864
7913869
7913883
7913896
7913907
7913918
7913938
7913965
7913972
7913976
7913978
7913990
7914000
7914003
7914015
7914021
7914038
7914040
7914042
7914075
7914084
7914094
7914103
7914112
7914127
7914137
7914139
7914141
7914153
7914178
7914180
7914182
7914184
7914194
7914200
7914202
7914212
7914214
7914216
7914218
7914230
7914232
7914235
7914245
7914260
7914270
7914282
7914296
7914322
7914324
7914326
7914334
7914342
7914350
7914354
7914361
7914433
7914467
7914489
7914496
7914498
7914500
7914516
7914525
7914530
7914550
7914555
7914557
7914563
7914580
7914592
7914603
7914617
7914628
7914630
7914643
7914648
7914665
7914667
7914748
7914750
7914758
7914764
7914791
7914805
7914807
7914809
7914834
7914847
7914851
7914878
7914880
7914887
7914898
7914904
7914917
7914921
7914923
7914938
7914940
7914950
7914974
7914992
7914994
7914996
7915008
7915015
7915032
7915045
7915056
7915074
7915078
7915084
7915091
7915101
7915130
7915147
7915156
7915160
7915170
7915178
7915184
7915198
7915200
7915202
7915204
7915207
7915227
7915229
7915238
7915245
7915252
7915257
7915261
7915275
7915277
7915284
7915286
7915297
7915329
7915331
7915333
7915345
7915347
7915351
7915363
7915385
7915392
7915404
7915408
7915425
7915435
7915444
7915466
7915468
7915472
7915485
7915498
7915500
7915504
7915516
7915529
7915543
7915561
7915563
7915565
7915567
7915578
7915590
7915592
7915594
7915598
7915609
7915612
7915614
7915640
7915657
7915659
7915682
7915695
7915718
7915731
7915733
7915743
7915758
7915775
7915787
7915801
7915827
7915841
7915846
7915861
7915870
7915882
7915896
7915902
7915910
7915919
7915926
7915949
7915951
7915955
7915971
7915982
7915991
7915995
7916016
7916018
7916020
7916022
7916024
7916045
7916075
7916077
7916112
7916120
7916130
7916135
7916167
7916185
7916219
7916225
7916227
7916229
7916246
7916248
7916262
7916274
7916282
7916304
7916316
7916341
7916343
7916356
7916364
7916372
7916384
7916393
7916403
7916412
7916422
7916425
7916432
7916443
7916487
7916489
7916491
7916493
7916506
7916526
7916541
7916562
7916564
7916566
7916568
7916570
7916582
7916584
7916590
7916592
7916609
7916616
7916627
7916629
7916643
7916654
7916667
7916669
7916725
7916727
7916741
7916743
7916745
7916747
7916775
7916777
7916781
7916783
7916785
7916789
7916808
7916822
7916832
7916834
7916836
7916841
7916843
7916851
7916853
7916862
7916880
7916882
7916898
7916910
7916926
7916928
7916944
7916969
7916984
7916986
7916998
7917000
7917002
7917004
7917008
7917015
7917019
7917037
7917050
7917052
7917080
7917082
7917088
7917103
7917120
7917148
7917151
7917156
7917180
7917182
7917199
7917232
7917240
7917251
7917255
7917276
7917283
7917304
7917322
7917331
7917338
7917347
7917357
7917359
7917370
7917431
7917433
7917455
7917466
7917468
7917470
7917472
7917482
7917503
7917514
7917516
7917528
7917530
7917532
7917548
7917561
7917576
7917591
7917593
7917597
7917599
7917604
7917612
7917634
7917645
7917647
7917649
7917670
7917672
7917674
7917676
7917695
7917697
7917707
7917726
7917728
7917735
7917737
7917739
7917741
7917752
7917754
7917771
7917779
7917790
7917792
7917794
7917798
7917850
7917875
7917885
7917896
7917902
7917904
7917906
7917910
7917912
7917942
7917944
7917946
7917954
7917972
7917974
7917976
7917996
7918008
7918026
7918034
7918048
7918050
7918052
7918064
7918134
7918149
7918151
7918153
7918157
7918188
7918203
7918223
7918235
7918255
7918275
7918284
7918294
7918300
7918313
7918323
7918345
7918359
7918365
7918367
7918379
7918394
7918416
7918424
7918426
7918437
7918444
7918449
7918457
7918465
7918467
7918474
7918487
7918504
7918517
7918533
7918548
7918550
7918552
7918558
7918569
7918593
7918606
7918620
7918622
7918634
7918657
7918681
7918694
7918703
7918716
7918725
7918747
7918749
7918751
7918753
7918755
7918757
7918759
7918768
7918792
7918794
7918811
7918813
7918825
7918847
7918857
7918869
7918876
7918878
7918891
7918898
7918900
7918902
7918911
7918913
7918923
7918925
7918936
7918951
7918953
7918955
7918973
7919024
7919026
7919028
7919038
7919047
7919049
7919051
7919055
7919067
7919080
7919088
7919095
7919129
7919131
7919133
7919139
7919146
7919151
7919153
7919155
7919157
7919160
7919162
7919166
7919168
7919193
7919195
7919197
7919208
7919217
7919226
7919243
7919251
7919267
7919269
7919271
7919299
7919301
7919303
7919305
7919314
7919324
7919326
7919340
7919347
7919349
7919351
7919380
7919382
7919384
7919386
7919388
7919390
7919392
7919394
7919403
7919405
7919407
7919412
7919436
7919438
7919556
7919560
7919562
7919564
7919566
7919568
7919570
7919572
7919574
7919576
7919578
7919580
7919582
7919584
7919589
7919591
7919594
7919596
7919598
7919600
7919602
7919604
7919606
7919612
7919614
7919619
7919625
7919627
7919637
7919642
7919645
7919659
7919669
7919699
7919715
7919729
7919743
7919747
7919749
7919751
7919761
7919763
7919776
7919778
7919780
7919787
7919800
7919815
7919825
7919852
7919854
7919856
7919872
7919886
7919888
7919898
7919923
7919929
7919940
7919950
7919969
7919971
7919984
7920000
7920025
7920027
7920045
7920047
7920057
7920077
7920082
7920100
7920114
7920123
7920128
7920135
7920141
7920146
7920155
7920165
7920175
7920178
7920182
7920185
7920191
7920193
7920196
7920201
7920205
7920210
7920214
7920217
7920220
7920228
7920238
7920244
7920249
7920252
7920256
7920258
7920264
7920271
7920278
7920285
7920291
7920297
7920303
7920317
7920333
7920335
7920337
7920341
7920354
7920382
7920401
7920409
7920422
7920426
7920468
7920470
7920472
7920487
7920492
7920506
7920515
7920531
7920552
7920567
7920575
7920594
7920600
7920616
7920633
7920642
7920659
7920664
7920687
7920697
7920707
7920725
7920737
7920744
7920757
7920766
7920795
7920799
7920810
7920839
7920852
7920873
7920875
7920877
7920903
7920912
7920928
7920944
7920971
7920980
7920984
7921003
7921012
7921014
7921031
7921033
7921076
7921088
7921099
7921110
7921119
7921121
7921133
7921144
7921155
7921179
7921220
7921222
7921228
7921237
7921259
7921275
7921298
7921319
7921332
7921342
7921344
7921346
7921354
7921356
7921358
7921360
7921362
7921364
7921367
7921420
7921422
7921425
7921427
7921429
7921431
7921434
7921442
7921445
7921447
7921449
7921462
7921471
7921473
7921487
7921492
7921516
7921526
7921533
7921538
7921552
7921571
7921583
7921621
7921623
7921625
7921637
7921652
7921667
7921677
7921690
7921702
7921713
7921738
7921752
7921773
7921786
7921793
7921806
7921821
7921834
7921840
7921852
7921862
7921868
7921873
7921882
7921895
7921900
7921909
7921916
7921930
7921932
7921936
7921955
7921970
7921987
7922001
7922008
7922018
7922029
7922040
7922051
7922058
7922095
7922104
7922108
7922121
7922125
7922127
7922130
7922137
7922152
7922162
7922174
7922200
7922219
7922229
7922243
7922250
7922266
7922268
7922291
7922293
7922295
7922297
7922299
7922301
7922309
7922324
7922326
7922328
7922330
7922337
7922343
7922351
7922353
7922382
7922389
7922391
7922400
7922402
7922404
7922406
7922408
7922410
7922412
7922414
7922416
7922418
7922420
7922432
7922456
7922458
7922460
7922462
7922472
7922474
7922482
7922504
7922523
7922525
7922550
7922590
7922596
7922598
7922610
7922627
7922637
7922646
7922648
7922652
7922656
7922667
7922669
7922684
7922686
7922689
7922703
7922707
7922717
7922727
7922737
7922752
7922754
7922756
7922773
7922793
7922804
7922807
7922821
7922823
7922846
7922868
7922870
7922887
7922889
7922908
7922910
7922912
7922969
7922976
7922992
7922994
7923003
7923005
7923007
7923027
7923034
7923037
7923039
7923041
7923043
7923073
7923086
7923119
7923131
7923141
7923162
7923164
7923173
7923175
7923177
7923179
7923183
7923189
7923221
7923231
7923233
7923271
7923317
7923319
7923332
7923347
7923360
7923372
7923378
7923386
7923394
7923406
7923424
7923426
7923436
7923438
7923440
7923442
7923453
7923483
7923489
7923501
7923503
7923516
7923528
7923534
7923547
7923562
7923578
7923582
7923584
7923596
7923608
7923621
7923628
7923635
7923659
7923662
7923698
7923700
7923705
7923707
7923712
7923731
7923753
7923762
7923772
7923778
7923792
7923798
7923810
7923812
7923824
7923837
7923850
7923875
7923885
7923889
7923905
7923907
7923917
7923929
7923942
7923956
7923958
7923965
7923967
7923972
7923974
7923976
7923978
7923991
7924029
7924055
7924058
7924069
7924071
7924085
7924092
7924096
7924107
7924117
7924119
7924144
7924148
7924150
7924163
7924166
7924172
7924180
7924184
7924190
7924203
7924205
7924207
7924230
7924233
7924307
7924309
7924325
7924327
7924340
7924342
7924351
7924386
7924388
7924401
7924403
7924405
7924443
7924445
7924450
7924461
7924463
7924465
7924476
7924491
7924495
7924497
7924499
7924508
7924526
7924549
7924551
7924553
7924558
7924582
7924603
7924619
7924636
7924663
7924669
7924682
7924686
7924701
7924712
7924731
7924733
7924754
7924756
7924758
7924760
7924773
7924817
7924819
7924821
7924823
7924832
7924840
7924842
7924853
7924863
7924868
7924874
7924884
7924888
7924893
7924895
7924897
7924908
7924910
7924923
7924956
7924967
7924969
7924977
7924987
7924996
7925003
7925028
7925031
7925033
7925043
7925048
7925056
7925058
7925062
7925087
7925089
7925126
7925128
7925130
7925161
7925170
7925174
7925182
7925184
7925201
7925229
7925242
7925244
7925246
7925248
7925250
7925257
7925318
7925320
7925342
7925361
7925364
7925413
7925417
7925419
7925432
7925434
7925436
7925438
7925440
7925442
7925444
7925446
7925448
7925450
7925452
7925457
7925480
7925492
7925500
7925504
7925509
7925511
7925523
7925525
7925531
7925550
7925561
7925565
7925585
7925587
7925589
7925607
7925609
7925611
7925622
7925662
7925672
7925677
7925687
7925691
7925701
7925703
7925705
7925718
7925720
7925724
7925726
7925728
7925730
7925732
7925735
7925737
7925739
7925741
7925743
7925745
7925747
7925749
7925751
7925753
7925755
7925757
7925759
7925761
7925763
7925773
7925790
7925792
7925813
7925821
7925823
7925846
7925851
7925870
7925874
7925876
7925902
7925904
7925918
7925927
7925929
7925939
7925950
7925954
7925972
7925976
7925978
7925996
7926021
7926037
7926059
7926061
7926084
7926096
7926105
7926117
7926123
7926127
7926150
7926152
7926158
7926168
7926170
7926189
7926205
7926207
7926223
7926239
7926259
7926283
7926297
7926299
7926319
7926330
7926334
7926345
7926354
7926356
7926366
7926368
7926383
7926385
7926403
7926410
7926443
7926445
7926451
7926484
7926486
7926506
7926531
7926539
7926541
7926543
7926545
7926563
7926565
7926594
7926596
7926609
7926622
7926636
7926638
7926659
7926661
7926670
7926672
7926674
7926677
7926679
7926706
7926708
7926715
7926728
7926766
7926786
7926805
7926807
7926817
7926819
7926821
7926834
7926836
7926851
7926871
7926875
7926882
7926889
7926894
7926896
7926898
7926900
7926914
7926916
7926934
7926936
7926979
7926981
7926983
7927008
7927028
7927031
7927033
7927056
7927058
7927060
7927062
7927071
7927082
7927089
7927091
7927095
7927097
7927099
7927106
7927108
7927120
7927146
7927153
7927155
7927167
7927169
7927173
7927179
7927186
7927202
7927207
7927215
7927231
7927233
7927265
7927267
7927277
7927280
7927285
7927288
7927294
7927305
7927307
7927323
7927353
7927363
7927367
7927383
7927389
7927405
7927425
7927474
7927482
7927502
7927505
7927513
7927517
7927519
7927527
7927529
7927536
7927548
7927550
7927552
7927560
7927595
7927597
7927599
7927606
7927631
7927639
7927641
7927643
7927645
7927647
7927649
7927658
7927669
7927681
7927694
7927704
7927706
7927708
7927710
7927723
7927732
7927745
7927747
7927767
7927773
7927775
7927784
7927786
7927799
7927801
7927803
7927812
7927814
7927827
7927852
7927854
7927872
7927874
7927876
7927889
7927915
7927924
7927926
7927936
7927955
7927964
7927972
7927981
7927998
7928019
7928046
7928058
7928060
7928062
7928064
7928069
7928107
7928119
7928126
7928147
7928171
7928189
7928208
7928216
7928218
7928291
7928298
7928300
7928306
7928308
7928314
7928316
7928318
7928328
7928330
7928342
7928354
7928363
7928365
7928367
7928369
7928395
7928401
7928408
7928411
7928429
7928444
7928471
7928489
7928491
7928514
7928516
7928524
7928529
7928531
7928534
7928543
7928545
7928547
7928549
7928551
7928556
7928558
7928589
7928600
7928602
7928619
7928630
7928632
7928645
7928653
7928661
7928671
7928679
7928685
7928695
7928705
7928723
7928736
7928746
7928748
7928750
7928752
7928766
7928770
7928789
7928800
7928815
7928817
7928819
7928821
7928823
7928838
7928855
7928870
7928872
7928882
7928890
7928907
7928909
7928915
7928937
7928944
7928959
7928967
7928982
7928994
7928999
7929003
7929012
7929026
7929032
7929047
7929052
7929061
7929065
7929072
7929078
7929114
7929116
7929130
7929132
7929145
7929168
7929201
7929243
7929247
7929256
7929258
7929282
7929288
7929315
7929322
7929332
7929334
7929344
7929350
7929373
7929383
7929388
7929424
7929438
7929466
7929478
7929487
7929497
7929511
7929525
7929533
7929536
7929541
7929550
7929562
7929574
7929589
7929591
7929593
7929596
7929609
7929612
7929614
7929616
7929624
7929634
7929649
7929653
7929664
7929674
7929677
7929689
7929692
7929711
7929719
7929732
7929744
7929750
7929768
7929779
7929812
7929814
7929816
7929822
7929831
7929840
7929858
7929882
7929901
7929911
7929919
7929932
7929945
7929947
7929952
7929954
7929956
7929958
7929976
7929986
7929988
7929990
7930008
7930025
7930031
7930074
7930099
7930106
7930120
7930137
7930139
7930148
7930162
7930168
7930170
7930179
7930181
7930194
7930205
7930208
7930213
7930226
7930264
7930274
7930276
7930299
7930304
7930311
7930320
7930341
7930376
7930378
7930380
7930398
7930413
7930422
7930450
7930452
7930454
7930470
7930482
7930487
7930498
7930524
7930533
7930537
7930559
7930561
7930577
7930593
7930612
7930614
7930627
7930629
7930631
7930663
7930680
7930682
7930703
7930714
7930750
7930760
7930775
7930777
7930790
7930804
7930818
7930833
7930837
7930857
7930861
7930870
7930872
7930880
7930882
7930894
7930915
7930917
7930919
7930921
7930927
7930954
7930956
7930980
7930994
7930996
7931027
7931029
7931031
7931062
7931079
7931081
7931097
7931108
7931140
7931152
7931155
7931159
7931168
7931181
7931184
7931187
7931199
7931204
7931214
7931216
7931226
7931239
7931268
7931281
7931293
7931346
7931348
7931353
7931379
7931387
7931389
7931393
7931403
7931405
7931417
7931439
7931455
7931469
7931473
7931479
7931500
7931519
7931553
7931556
7931561
7931571
7931582
7931607
7931623
7931643
7931656
7931659
7931662
7931665
7931668
7931671
7931674
7931681
7931683
7931726
7931728
7931748
7931754
7931764
7931778
7931810
7931822
7931824
7931830
7931832
7931838
7931840
7931850
7931852
7931859
7931863
7931873
7931888
7931899
7931914
7931926
7931928
7931930
7931951
7931975
7931977
7932000
7932014
7932017
7932019
7932023
7932041
7932067
7932069
7932082
7932086
7932088
7932094
7932109
7932118
7932130
7932132
7932160
7932177
7932186
7932209
7932211
7932214
7932221
7932227
7932243
7932254
7932285
7932304
7932306
7932308
7932311
7932326
7932390
7932407
7932418
7932420
7932433
7932445
7932447
7932449
7932451
7932453
7932492
7932495
7932498
7932508
7932510
7932512
7932528
7932530
7932542
7932548
7932550
7932552
7932554
7932584
7932598
7932608
7932610
7932612
7932614
7932616
7932635
7932637
7932676
7932678
7932703
7932721
7932725
7932727
7932733
7932742
7932744
7932765
7932786
7932788
7932790
7932792
7932794
7932796
7932826
7932832
7932834
7932860
7932862
7932864
7932867
7932881
7932883
7932885
7932909
7932911
7932938
7932960
7932962
7932964
7932966
7932983
7932985
7933008
7933010
7933043
7933045
7933047
7933071
7933073
7933075
7933078
7933080
7933082
7933084
7933086
7933088
7933090
7933092
7933105
7933113
7933115
7933121
7933129
7933139
7933145
7933147
7933149
7933164
7933176
7933178
7933180
7933186
7933190
7933192
7933194
7933204
7933209
7933217
7933219
7933228
7933237
7933252
7933261
7933263
7933279
7933290
7933296
7933298
7933310
7933312
7933327
7933331
7933341
7933359
7933366
7933372
7933379
7933394
7933405
7933413
7933421
7933423
7933427
7933437
7933442
7933446
7933469
7933484
7933488
7933498
7933501
7933509
7933535
7933537
7933561
7933572
7933574
7933582
7933593
7933595
7933597
7933619
7933632
7933634
7933638
7933640
7933659
7933665
7933672
7933707
7933723
7933731
7933733
7933750
7933758
7933760
7933772
7933821
7933840
7933842
7933855
7933872
7933877
7933904
7933929
7933931
7933933
7933945
7933947
7933976
7933978
7933982
7933999
7934026
7934050
7934066
7934068
7934070
7934072
7934074
7934083
7934091
7934093
7934095
7934097
7934099
7934101
7934114
7934122
7934133
7934141
7934145
7934154
7934156
7934161
7934166
7934178
7934185
7934196
7934215
7934228
7934244
7934255
7934269
7934271
7934278
7934295
7934297
7934299
7934301
7934318
7934320
7934326
7934334
7934365
7934367
7934384
7934393
7934411
7934432
7934434
7934442
7934451
7934459
7934477
7934505
7934513
7934527
7934531
7934533
7934544
7934553
7934566
7934568
7934570
7934613
7934615
7934651
7934653
7934690
7934698
7934706
7934708
7934717
7934719
7934729
7934731
7934733
7934753
7934755
7934767
7934777
7934779
7934783
7934789
7934810
7934812
7934838
7934840
7934842
7934850
7934852
7934868
7934870
7934883
7934885
7934896
7934898
7934906
7934916
7934920
7934936
7934945
7934959
7934961
7934966
7934968
7934970
7934977
7934979
7934991
7934993
7934997
7935002
7935006
7935011
7935025
7935027
7935054
7935056
7935058
7935114
7935116
7935123
7935139
7935142
7935144
7935146
7935169
7935180
7935188
7935228
7935230
7935251
7935270
7935288
7935296
7935320
7935337
7935359
7935361
7935401
7935403
7935421
7935425
7935462
7935474
7935510
7935521
7935528
7935535
7935553
7935572
7935588
7935613
7935627
7935639
7935647
7935660
7935679
7935690
7935692
7935707
7935730
7935746
7935756
7935776
7935778
7935780
7935810
7935819
7935834
7935855
7935859
7935861
7935863
7935865
7935882
7935892
7935903
7935910
7935930
7935951
7935968
7935983
7935990
7936011
7936023
7936028
7936041
7936050
7936062
7936064
7936083
7936089
7936091
7936096
7936100
7936108
7936111
7936115
7936134
7936144
7936201
7936242
7936249
7936280
7936282
7936284
7936307
7936318
7936320
7936322
7936346
7936360
7936406
7936408
7936419
7936439
7936461
7936463
7936492
7936494
7936507
7936516
7936529
7936552
7936559
7936567
7936576
7936578
7936590
7936596
7936612
7936614
7936637
7936639
7936641
7936661
7936673
7936683
7936706
7936727
7936734
7936762
7936777
7936793
7936798
7936809
7936817
7936826
7936833
7936835
7936856
7936871
7936882
7936884
7936891
7936902
7936904
7936916
7936918
7936923
7936925
7936928
7936937
7936949
7936966
7936968
7936994
7936996
7937007
7937014
7937016
7937020
7937037
7937039
7937059
7937073
7937079
7937089
7937104
7937106
7937112
7937135
7937148
7937150
7937175
7937198
7937200
7937208
7937217
7937228
7937230
7937247
7937251
7937257
7937263
7937275
7937287
7937305
7937314
7937330
7937335
7937341
7937363
7937378
7937391
7937404
7937407
7937415
7937433
7937438
7937443
7937465
7937474
7937476
7937483
7937485
7937498
7937508
7937518
7937533
7937560
7937612
7937667
7937696
7937698
7937700
7937707
7937709
7937711
7937713
7937728
7937735
7937749
7937763
7937772
7937774
7937782
7937798
7937800
7937802
7937813
7937823
7937847
7937852
7937866
7937868
7937876
7937878
7937882
7937890
7937892
7937900
7937913
7937915
7937934
7937936
7937938
7937940
7937942
7937944
7937946
7937948
7937950
7937952
7937957
7937959
7937961
7937971
7937973
7937975
7937977
7937979
7937982
7937984
7937986
7937988
7937990
7937993
7937996
7938000
7938002
7938004
7938006
7938008
7938010
7938012
7938035
7938047
7938049
7938053
7938055
7938057
7938059
7938061
7938063
7938066
7938070
7938072
7938074
7938076
7938078
7938082
7938090
7938100
7938111
7938118
7938128
7938133
7938139
7938154
7938170
7938172
7938176
7938179
7938181
7938183
7938195
7938208
7938213
7938225
7938231
7938258
7938261
7938263
7938269
7938286
7938291
7938293
7938295
7938299
7938301
7938309
7938313
7938329
7938331
7938348
7938364
7938366
7938368
7938370
7938388
7938390
7938396
7938416
7938420
7938422
7938448
7938481
7938485
7938519
7938528
7938544
7938559
7938561
7938563
7938588
7938590
7938592
7938608
7938625
7938629
7938646
7938652
7938667
7938669
7938681
7938683
7938685
7938687
7938702
7938707
7938730
7938738
7938741
7938746
7938748
7938750
7938756
7938758
7938762
7938777
7938788
7938800
7938812
7938816
7938834
7938878
7938880
7938890
7938907
7938925
7938951
7938975
7938989
7939003
7939005
7939007
7939024
7939052
7939056
7939068
7939070
7939072
7939080
7939087
7939093
7939102
7939116
7939118
7939120
7939131
7939137
7939150
7939158
7939173
7939184
7939197
7939215
7939237
7939240
7939242
7939265
7939296
7939298
7939314
7939329
7939341
7939365
7939368
7939374
7939376
7939383
7939398
7939411
7939418
7939420
7939422
7939424
7939432
7939434
7939463
7939465
7939477
7939492
7939494
7939507
7939524
7939546
7939559
7939569
7939581
7939587
7939590
7939595
7939613
7939620
7939640
7939642
7939657
7939665
7939676
7939699
7939706
7939723
7939738
7939751
7939767
7939805
7939818
7939825
7939835
7939839
7939865
7939867
7939869
7939871
7939873
7939875
7939877
7939879
7939884
7939893
7939897
7939900
7939902
7939910
7939912
7939916
7939918
7939920
7939922
7939924
7939926
7939928
7939930
7939932
7939934
7939936
7939938
7939940
7939942
7939944
7939946
7939948
7939950
7939952
7939954
7939959
7939961
7939963
7939965
7939967
7939969
7939971
7939973
7939975
7939977
7939979
7939981
7939983
7939986
7939988
7939990
7939992
7939994
7939996
7939998
7940000
7940002
7940005
7940018
7940020
7940022
7940026
7940028
7940042
7940044
7940046
7940051
7940066
7940070
7940079
7940103
7940108
7940110
7940112
7940114
7940116
7940118
7940135
7940147
7940153
7940160
7940171
7940173
7940175
7940177
7940182
7940185
7940187
7940189
7940191
7940210
7940216
7940226
7940237
7940253
7940259
7940279
7940287
7940299
7940307
7940315
7940323
7940333
7940341
7940349
7940358
7940372
7940377
7940391
7940409
7940421
7940431
7940441
7940451
7940473
7940479
7940486
7940491
7940493
7940508
7940530
7940561
7940565
7940580
7940582
7940598
7940600
7940622
7940626
7940630
7940636
7940643
7940654
7940660
7940662
7940667
7940669
7940673
7940679
7940688
7940698
7940711
7940717
7940735
7940737
7940749
7940762
7940775
7940781
7940790
7940798
7940822
7940824
7940835
7940840
7940851
7940857
7940869
7940884
7940891
7940904
7940914
7940924
7940959
7940971
7940987
7940989
7940996
7941004
7941039
7941059
7941062
7941074
7941087
7941104
7941111
7941122
7941127
7941136
7941148
7941164
7941170
7941172
7941179
7941203
7941214
7941236
7941243
7941255
7941260
7941269
7941272
7941274
7941296
7941302
7941311
7941350
7941364
7941380
7941382
7941401
7941408
7941425
7941444
7941457
7941460
7941469
7941478
7941501
7941505
7941511
7941537
7941563
7941565
7941583
7941587
7941594
7941597
7941599
7941608
7941610
7941621
7941639
7941662
7941685
7941694
7941702
7941707
7941709
7941714
7941732
7941743
7941746
7941749
7941761
7941769
7941795
7941797
7941822
7941843
7941863
7941865
7941879
7941890
7941900
7941917
7941927
7941936
7941946
7941961
7941976
7941985
7942007
7942032
7942061
7942064
7942071
7942073
7942091
7942118
7942123
7942135
7942168
7942174
7942204
7942228
7942232
7942255
7942261
7942267
7942274
7942277
7942279
7942284
7942287
7942289
7942300
7942315
7942326
7942328
7942332
7942342
7942372
7942379
7942381
7942400
7942409
7942417
7942439
7942453
7942465
7942476
7942489
7942503
7942520
7942525
7942527
7942542
7942544
7942551
7942553
7942562
7942569
7942586
7942592
7942594
7942596
7942603
7942611
7942613
7942626
7942645
7942647
7942650
7942674
7942679
7942693
7942697
7942715
7942717
7942769
7942771
7942774
7942779
7942781
7942783
7942791
7942793
7942796
7942798
7942809
7942812
7942814
7942816
7942818
7942820
7942822
7942824
7942830
7942832
7942839
7942858
7942875
7942877
7942879
7942889
7942896
7942910
7942912
7942914
7942932
7942941
7942957
7942964
7942983
7942985
7942987
7942989
7942991
7942998
7943019
7943025
7943031
7943036
7943047
7943049
7943051
7943075
7943098
7943103
7943124
7943126
7943156
7943158
7943160
7943162
7943176
7943191
7943193
7943195
7943197
7943218
7943226
7943231
7943236
7943240
7943263
7943282
7943288
7943293
7943297
7943314
7943317
7943319
7943345
7943347
7943349
7943367
7943369
7943373
7943376
7943387
7943398
7943411
7943413
7943424
7943437
7943442
7943498
7943513
7943515
7943517
7943519
7943521
7943526
7943530
7943550
7943552
7943562
7943573
7943577
7943580
7943605
7943620
7943690
7943707
7943709
7943711
7943715
7943721
7943729
7943734
7943736
7943738
7943740
7943749
7943760
7943777
7943779
7943787
7943795
7943803
7943827
7943842
7943853
7943859
7943867
7943882
7943890
7943892
7943917
7943919
7943943
7943954
7943956
7943958
7943969
7943984
7943998
7944006
7944011
7944021
7944023
7944033
7944035
7944042
7944049
7944082
7944096
7944111
7944113
7944147
7944152
7944162
7944164
7944179
7944185
7944195
7944216
7944223
7944262
7944271
7944275
7944285
7944300
7944302
7944331
7944333
7944335
7944339
7944341
7944351
7944359
7944361
7944363
7944365
7944375
7944382
7944401
7944418
7944435
7944447
7944463
7944478
7944493
7944510
7944516
7944525
7944527
7944530
7944537
7944554
7944560
7944601
7944603
7944623
7944632
7944656
7944667
7944716
7944718
7944720
7944722
7944739
7944751
7944763
7944765
7944767
7944769
7944791
7944793
7944795
7944797
7944799
7944801
7944803
7944825
7944827
7944829
7944832
7944834
7944838
7944843
7944845
7944850
7944867
7944869
7944876
7944882
7944911
7944913
7944931
7944952
7944955
7944970
7944972
7944978
7944989
7944991
7945014
7945031
7945033
7945040
7945045
7945058
7945069
7945071
7945084
7945086
7945101
7945110
7945125
7945130
7945132
7945146
7945156
7945158
7945162
7945169
7945177
7945182
7945204
7945226
7945228
7945232
7945241
7945245
7945260
7945262
7945275
7945283
7945296
7945321
7945342
7945344
7945347
7945349
7945357
7945368
7945371
7945377
7945394
7945418
7945420
7945436
7945445
7945460
7945462
7945475
7945498
7945503
7945521
7945536
7945539
7945550
7945573
7945579
7945595
7945620
7945631
7945641
7945645
7945648
7945652
7945657
7945660
7945663
7945666
7945678
7945680
7945688
7945712
7945728
7945730
7945734
7945740
7945742
7945767
7945774
7945781
7945786
7945801
7945803
7945829
7945831
7945857
7945859
7945864
7945873
7945875
7945882
7945892
7945894
7945896
7945902
7945942
7945944
7945950
7945952
7945954
7945956
7945958
7945962
7945972
7945974
7945979
7945989
7945991
7945997
7945999
7946001
7946004
7946006
7946008
7946011
7946013
7946015
7946017
7946019
7946021
7946023
7946025
7946027
7946029
7946031
7946033
7946041
7946048
7946054
7946061
7946067
7946069
7946071
7946073
7946078
7946082
7946087
7946089
7946105
7946107
7946109
7946111
7946113
7946115
7946117
7946119
7946121
7946123
7946125
7946128
7946142
7946149
7946167
7946180
7946201
7946211
7946221
7946228
7946245
7946267
7946275
7946278
7946280
7946286
7946288
7946292
7946306
7946321
7946323
7946326
7946328
7946330
7946332
7946334
7946340
7946354
7946365
7946380
7946401
7946426
7946428
7946436
7946439
7946446
7946454
7946478
7946504
7946516
7946559
7946561
7946563
7946565
7946567
7946569
7946579
7946589
7946610
7946635
7946641
7946655
7946659
7946661
7946676
7946678
7946680
7946687
7946693
7946695
7946697
7946703
7946728
7946742
7946749
7946757
7946781
7946807
7946812
7946815
7946849
7946851
7946853
7946860
7946903
7946933
7946946
7946957
7946972
7946977
7946983
7946986
7946988
7947015
7947027
7947040
7947052
7947076
7947093
7947096
7947099
7947110
7947127
7947129
7947136
7947138
7947147
7947152
7947156
7947165
7947184
7947189
7947199
7947221
7947228
7947230
7947245
7947248
7947266
7947268
7947270
7947274
7947282
7947322
7947332
7947338
7947358
7947361
7947363
7947375
7947394
7947396
7947421
7947423
7947425
7947434
7947450
7947462
7947481
7947490
7947496
7947510
7947512
7947526
7947528
7947531
7947540
7947548
7947551
7947553
7947561
7947563
7947570
7947590
7947599
7947607
7947609
7947624
7947649
7947652
7947674
7947676
7947681
7947694
7947740
7947742
7947744
7947784
7947801
7947815
7947828
7947861
7947867
7947881
7947890
7947892
7947894
7947915
7947917
7947926
7947928
7947932
7947934
7947947
7947969
7947989
7947991
7948033
7948035
7948037
7948039
7948042
7948044
7948046
7948048
7948054
7948058
7948085
7948088
7948090
7948092
7948099
7948101
7948103
7948105
7948107
7948109
7948111
7948113
7948115
7948117
7948119
7948121
7948123
7948125
7948127
7948129
7948131
7948133
7948135
7948137
7948139
7948141
7948144
7948148
7948150
7948155
7948157
7948159
7948161
7948167
7948176
7948192
7948211
7948213
7948221
7948229
7948249
7948267
7948274
7948282
7948293
7948303
7948306
7948308
7948310
7948312
7948314
7948316
7948320
7948322
7948324
7948326
7948328
7948330
7948332
7948344
7948354
7948364
7948367
7948369
7948371
7948375
7948377
7948379
7948397
7948399
7948416
7948418
7948420
7948424
7948433
7948444
7948455
7948470
7948476
7948493
7948502
7948504
7948511
7948534
7948565
7948574
7948588
7948599
7948606
7948612
7948630
7948643
7948656
7948662
7948667
7948679
7948685
7948696
7948718
7948741
7948744
7948772
7948775
7948782
7948794
7948798
7948814
7948829
7948834
7948836
7948839
7948864
7948879
7948881
7948894
7948896
7948898
7948900
7948902
7948904
7948906
7948908
7948910
7948912
7948918
7948920
7948937
7948951
7948957
7948973
7948982
7948987
7948995
7948997
7949015
7949019
7949021
7949033
7949046
7949058
7949060
7949067
7949075
7949080
7949104
7949124
7949146
7949172
7949206
7949227
7949264
7949273
7949275
7949277
7949320
7949327
7949340
7949344
7949364
7949371
7949373
7949377
7949383
7949400
7949410
7949412
7949440
7949444
7949454
7949465
7949482
7949490
7949496
7949503
7949518
7949532
7949540
7949545
7949553
7949568
7949570
7949577
7949588
7949592
7949603
7949615
7949619
7949637
7949645
7949650
7949668
7949672
7949674
7949679
7949717
7949719
7949742
7949744
7949746
7949754
7949763
7949765
7949776
7949792
7949796
7949798
7949808
7949836
7949843
7949851
7949857
7949863
7949873
7949882
7949894
7949896
7949898
7949904
7949916
7949931
7949946
7949948
7949954
7949956
7949971
7949995
7950003
7950005
7950012
7950016
7950023
7950030
7950032
7950036
7950042
7950062
7950064
7950067
7950078
7950082
7950086
7950117
7950119
7950128
7950136
7950140
7950142
7950162
7950195
7950197
7950235
7950248
7950269
7950271
7950282
7950284
7950292
7950294
7950299
7950307
7950321
7950332
7950336
7950370
7950372
7950374
7950391
7950409
7950420
7950423
7950425
7950442
7950444
7950447
7950469
7950471
7950473
7950490
7950492
7950501
7950524
7950530
7950532
7950534
7950544
7950553
7950555
7950560
7950578
7950597
7950606
7950626
7950628
7950641
7950644
7950654
7950669
7950671
7950683
7950699
7950701
7950724
7950726
7950731
7950743
7950751
7950753
7950762
7950764
7950794
7950796
7950804
7950810
7950838
7950862
7950864
7950883
7950885
7950893
7950895
7950897
7950899
7950906
7950921
7950933
7950951
7950955
7950965
7950971
7950977
7950983
7950990
7951004
7951008
7951030
7951032
7951034
7951036
7951038
7951040
7951046
7951068
7951077
7951089
7951091
7951093
7951108
7951112
7951131
7951133
7951140
7951144
7951157
7951159
7951161
7951163
7951165
7951178
7951195
7951205
7951207
7951217
7951224
7951235
7951246
7951259
7951271
7951284
7951297
7951309
7951325
7951335
7951337
7951339
7951341
7951343
7951345
7951347
7951349
7951351
7951363
7951372
7951385
7951397
7951408
7951413
7951417
7951420
7951422
7951429
7951435
7951437
7951447
7951467
7951479
7951485
7951497
7951521
7951535
7951545
7951552
7951554
7951565
7951589
7951591
7951593
7951596
7951604
7951612
7951614
7951633
7951652
7951654
7951660
7951662
7951668
7951670
7951672
7951679
7951686
7951695
7951701
7951703
7951715
7951717
7951734
7951752
7951781
7951789
7951796
7951807
7951824
7951826
7951838
7951853
7951859
7951865
7951873
7951896
7951910
7951928
7951966
7951977
7951987
7952004
7952011
7952022
7952036
7952046
7952056
7952065
7952069
7952086
7952103
7952116
7952126
7952129
7952132
7952145
7952179
7952185
7952200
7952205
7952223
7952225
7952227
7952243
7952249
7952268
7952274
7952290
7952305
7952307
7952309
7952313
7952315
7952319
7952321
7952325
7952335
7952339
7952341
7952350
7952361
7952373
7952375
7952377
7952382
7952384
7952386
7952388
7952390
7952392
7952394
7952396
7952398
7952400
7952402
7952404
7952406
7952408
7952426
7952436
7952445
7952451
7952453
7952475
7952484
7952488
7952490
7952503
7952517
7952522
7952526
7952549
7952557
7952577
7952599
7952601
7952617
7952626
7952631
7952641
7952671
7952673
7952675
7952677
7952707
7952733
7952735
7952737
7952739
7952750
7952752
7952766
7952768
7952781
7952785
7952795
7952797
7952805
7952810
7952813
7952830
7952869
7952882
7952884
7952893
7952897
7952914
7952927
7952950
7952953
7952984
7952986
7952988
7953012
7953021
7953032
7953040
7953094
7953098
7953100
7953111
7953128
7953130
7953135
7953150
7953166
7953181
7953198
7953200
7953211
7953218
7953229
7953243
7953252
7953264
7953274
7953278
7953284
7953291
7953303
7953321
7953333
7953341
7953351
7953383
7953385
7953390
7953395
7953409
7953418
7953428
7953442
7953450
7953469
7953483
7953508
7953516
7953518
7953520
7953532
7953547
7953564
7953569
7953590
7953592
7953594
7953603
7953620
7953622
7953626
7953651
7953665
7953670
7953675
7953685
7953687
7953689
7953695
7953697
7953699
7953715
7953723
7953733
7953735
7953737
7953747
7953749
7953761
7953763
7953765
7953775
7953812
7953835
7953844
7953871
7953873
7953878
7953892
7953901
7953914
7953924
7953934
7953936
7953943
7953949
7953965
7953967
7953975
