8151890
8151898
8151906
8151909
8151917
8151927
8151929
8151931
8151935
8151942
8151952
8151967
8151987
8151989
8151991
8151993
8151999
8152031
8152041
8152053
8152062
8152079
8152090
8152092
8152094
8152096
8152111
8152115
8152117
8152119
8152131
8152133
8152148
8152211
8152213
8152215
8152222
8152240
8152242
8152244
8152246
8152248
8152250
8152252
8152255
8152264
8152278
8152280
8152289
8152291
8152297
8152314
8152323
8152333
8152335
8152340
8152355
8152367
8152369
8152374
8152376
8152451
8152453
8152463
8152465
8152477
8152491
8152506
8152512
8152522
8152551
8152553
8152582
8152595
8152597
8152606
8152617
8152626
8152628
8152640
8152642
8152648
8152656
8152664
8152666
8152668
8152701
8152703
8152715
8152719
8152734
8152742
8152750
8152759
8152764
8152782
8152812
8152815
8152819
8152821
8152828
8152845
8152863
8152865
8152867
8152900
8152902
8152922
8152924
8152938
8152946
8152962
8152976
8152988
8153002
8153021
8153035
8153037
8153039
8153041
8153043
8153065
8153067
8153069
8153071
8153101
8153167
8153175
8153201
8153223
8153258
8153262
8153269
8153273
8153304
8153320
8153322
8153328
8153334
8153336
8153342
8153346
8153359
8153363
8153373
8153380
8153390
8153405
8153409
8153411
8153424
8153426
8153430
8153449
8153457
8153459
8153474
8153486
8153488
8153497
8153536
8153550
8153568
8153609
8153625
8153652
8153664
8153678
8153684
8153704
8153709
8153727
8153762
8153776
8153790
8153819
8153823
8153828
8153835
8153838
8153862
8153868
8153876
8153890
8153896
8153903
8153911
8153920
8153930
8153935
8153937
8153939
8153959
8154012
8154034
8154043
8154047
8154057
8154059
8154100
8154124
8154128
8154130
8154132
8154135
8154151
8154153
8154163
8154176
8154178
8154207
8154209
8154211
8154213
8154215
8154217
8154219
8154221
8154223
8154225
8154227
8154229
8154233
8154245
8154254
8154283
8154285
8154295
8154305
8154307
8154316
8154333
8154357
8154359
8154361
8154363
8154365
8154367
8154379
8154381
8154386
8154388
8154392
8154394
8154414
8154416
8154447
8154449
8154476
8154491
8154510
8154512
8154523
8154527
8154529
8154531
8154563
8154572
8154574
8154620
8154622
8154627
8154635
8154654
8154656
8154660
8154662
8154666
8154668
8154670
8154692
8154719
8154721
8154725
8154727
8154729
8154731
8154733
8154758
8154760
8154763
8154765
8154777
8154779
8154785
8154793
8154823
8154836
8154838
8154841
8154844
8154846
8154848
8154856
8154866
8154868
8154870
8154872
8154885
8154892
8154914
8154916
8154934
8154951
8154953
8154962
8154973
8154979
8154981
8155024
8155026
8155048
8155062
8155073
8155081
8155083
8155096
8155110
8155121
8155148
8155167
8155169
8155192
8155200
8155203
8155212
8155214
8155234
8155246
8155248
8155250
8155265
8155268
8155284
8155301
8155312
8155323
8155325
8155327
8155332
8155336
8155338
8155340
8155345
8155349
8155354
8155359
8155369
8155371
8155376
8155383
8155388
8155393
8155397
8155414
8155418
8155422
8155440
8155442
8155451
8155453
8155455
8155458
8155460
8155487
8155490
8155493
8155497
8155501
8155503
8155508
8155510
8155514
8155516
8155519
8155521
8155525
8155528
8155530
8155537
8155540
8155547
8155550
8155554
8155563
8155567
8155569
8155572
8155574
8155591
8155596
8155598
8155600
8155602
8155627
8155630
8155634
8155636
8155661
8155665
8155673
8155696
8155699
8155707
8155734
8155747
8155754
8155770
8155794
8155802
8155824
8155847
8155849
8155864
8155877
8155881
8155883
8155896
8155898
8155930
8155942
8155944
8155946
8156022
8156024
8156026
8156043
8156052
8156054
8156056
8156058
8156060
8156082
8156084
8156086
8156088
8156090
8156098
8156103
8156110
8156112
8156116
8156126
8156132
8156134
8156160
8156164
8156167
8156192
8156194
8156196
8156199
8156228
8156240
8156247
8156253
8156257
8156261
8156263
8156274
8156278
8156290
8156295
8156309
8156319
8156321
8156337
8156339
8156341
8156354
8156356
8156358
8156360
8156371
8156373
8156393
8156404
8156415
8156450
8156452
8156476
8156506
8156519
8156521
8156523
8156525
8156529
8156538
8156547
8156549
8156569
8156571
8156573
8156575
8156577
8156579
8156581
8156599
8156601
8156604
8156610
8156620
8156633
8156688
8156706
8156718
8156743
8156748
8156750
8156759
8156761
8156770
8156783
8156826
8156838
8156844
8156846
8156848
8156861
8156873
8156895
8156897
8156905
8156919
8156923
8156935
8156945
8156969
8156971
8156982
8157012
8157014
8157016
8157018
8157021
8157027
8157036
8157038
8157058
8157074
8157090
8157092
8157101
8157103
8157105
8157123
8157125
8157139
8157141
8157144
8157151
8157153
8157173
8157189
8157191
8157193
8157203
8157214
8157216
8157227
8157229
8157231
8157233
8157246
8157253
8157264
8157270
8157281
8157283
8157300
8157308
8157324
8157362
8157381
8157383
8157444
8157446
8157450
8157454
8157463
8157477
8157485
8157487
8157516
8157520
8157522
8157524
8157534
8157580
8157582
8157605
8157608
8157610
8157632
8157638
8157650
8157668
8157671
8157674
8157677
8157679
8157681
8157684
8157686
8157688
8157691
8157696
8157698
8157700
8157727
8157729
8157731
8157751
8157761
8157777
8157798
8157800
8157802
8157804
8157818
8157828
8157839
8157841
8157843
8157858
8157888
8157890
8157905
8157922
8157933
8157939
8157941
8157945
8157947
8157949
8157976
8158009
8158022
8158028
8158057
8158059
8158081
8158094
8158112
8158123
8158145
8158147
8158164
8158167
8158177
8158183
8158204
8158212
8158214
8158224
8158240
8158242
8158250
8158269
8158298
8158317
8158372
8158380
8158404
8158406
8158418
8158424
8158431
8158446
8158492
8158511
8158513
8158523
8158539
8158542
8158544
8158554
8158560
8158568
8158597
8158625
8158627
8158637
8158664
8158666
8158671
8158684
8158686
8158708
8158714
8158725
8158739
8158771
8158783
8158823
8158825
8158829
8158839
8158862
8158864
8158866
8158890
8158902
8158910
8158912
8158918
8158928
8158930
8158939
8158952
8158961
8158976
8158987
8158991
8158993
8158995
8158998
8159004
8159006
8159008
8159017
8159036
8159078
8159086
8159096
8159109
8159111
8159127
8159142
8159211
8159220
8159235
8159239
8159243
8159249
8159255
8159259
8159265
8159275
8159283
8159318
8159337
8159350
8159354
8159371
8159373
8159379
8159385
8159415
8159439
8159441
8159448
8159476
8159491
8159501
8159519
8159521
8159531
8159541
8159549
8159554
8159566
8159581
8159583
8159609
8159616
8159624
8159627
8159642
8159646
8159654
8159667
8159670
8159687
8159692
8159702
8159732
8159734
8159786
8159790
8159803
8159808
8159815
8159838
8159846
8159848
8159850
8159854
8159873
8159876
8159900
8159917
8159919
8159945
8159957
8159959
8159961
8159963
8159965
8159967
8159969
8159971
8159977
8159981
8159984
8159992
8160011
8160016
8160020
8160024
8160033
8160036
8160040
8160084
8160086
8160088
8160138
8160151
8160163
8160168
8160213
8160236
8160238
8160256
8160258
8160260
8160274
8160276
8160278
8160284
8160295
8160297
8160308
8160317
8160319
8160321
8160332
8160346
8160360
8160365
8160371
8160377
8160383
8160389
8160392
8160394
8160401
8160405
8160417
8160419
8160422
8160431
8160435
8160439
8160441
8160452
8160459
8160470
8160472
8160478
8160487
8160504
8160511
8160521
8160531
8160546
8160555
8160557
8160559
8160581
8160587
8160597
8160602
8160622
8160637
8160647
8160661
8160663
8160670
8160682
8160712
8160718
8160722
8160756
8160767
8160769
8160771
8160782
8160784
8160786
8160792
8160803
8160805
8160816
8160823
8160835
8160839
8160849
8160857
8160870
8160879
8160889
8160898
8160900
8160906
8160912
8160914
8160935
8160953
8160968
8160981
8161000
8161004
8161017
8161024
8161026
8161044
8161056
8161114
8161133
8161147
8161154
8161164
8161166
8161169
8161171
8161174
8161190
8161192
8161211
8161224
8161229
8161238
8161240
8161242
8161249
8161255
8161265
8161270
8161288
8161319
8161326
8161337
8161341
8161346
8161353
8161362
8161368
8161371
8161373
8161375
8161377
8161381
8161384
8161388
8161405
8161407
8161409
8161415
8161418
8161421
8161423
8161426
8161429
8161431
8161433
8161437
8161440
8161442
8161444
8161446
8161451
8161455
8161458
8161460
8161467
8161471
8161476
8161478
8161482
8161484
8161488
8161499
8161503
8161507
8161509
8161513
8161520
8161526
8161533
8161537
8161554
8161556
8161558
8161563
8161566
8161568
8161571
8161575
8161580
8161583
8161587
8161610
8161615
8161618
8161632
8161642
8161644
8161646
8161648
8161654
8161693
8161695
8161697
8161701
8161727
8161737
8161739
8161745
8161747
8161755
8161774
8161824
8161829
8161839
8161852
8161854
8161857
8161863
8161865
8161884
8161892
8161904
8161906
8161913
8161915
8161917
8161919
8161938
8161943
8161945
8161964
8161986
8161988
8162006
8162019
8162039
8162047
8162059
8162080
8162082
8162084
8162086
8162117
8162132
8162140
8162142
8162147
8162177
8162179
8162183
8162187
8162191
8162194
8162214
8162216
8162231
8162236
8162247
8162249
8162254
8162260
8162264
8162276
8162283
8162294
8162311
8162313
8162352
8162373
8162388
8162394
8162404
8162419
8162421
8162438
8162449
8162455
8162462
8162466
8162470
8162472
8162479
8162490
8162492
8162502
8162514
8162529
8162531
8162533
8162562
8162568
8162570
8162584
8162586
8162601
8162610
8162624
8162631
8162639
8162645
8162652
8162664
8162667
8162669
8162674
8162676
8162696
8162706
8162719
8162729
8162744
8162759
8162777
8162803
8162823
8162825
8162827
8162833
8162848
8162850
8162868
8162870
8162880
8162884
8162902
8162908
8162920
8162927
8162929
8162931
8162934
8162936
8162938
8162940
8162996
8162998
8163000
8163002
8163011
8163013
8163015
8163017
8163019
8163023
8163063
8163084
8163086
8163105
8163107
8163109
8163116
8163147
8163149
8163181
8163185
8163193
8163202
8163253
8163255
8163257
8163271
8163273
8163275
8163326
8163328
8163341
8163348
8163381
8163383
8163402
8163424
8163426
8163428
8163437
8163444
8163452
8163481
8163485
8163491
8163505
8163509
8163525
8163533
8163535
8163548
8163569
8163599
8163614
8163616
8163618
8163629
8163637
8163666
8163672
8163678
8163710
8163712
8163714
8163716
8163729
8163731
8163733
8163775
8163784
8163795
8163807
8163825
8163839
8163882
8163892
8163896
8163908
8163916
8163930
8163936
8163948
8163956
8163958
8163960
8163962
8163964
8163972
8163999
8164002
8164006
8164008
8164013
8164034
8164060
8164062
8164067
8164077
8164087
8164100
8164105
8164129
8164131
8164153
8164155
8164165
8164177
8164194
8164196
8164200
8164210
8164215
8164217
8164235
8164243
8164252
8164269
8164293
8164304
8164314
8164328
8164336
8164343
8164357
8164362
8164373
8164396
8164398
8164426
8164428
8164438
8164440
8164452
8164464
8164481
8164496
8164515
8164521
8164535
8164554
8164560
8164562
8164572
8164580
8164587
8164596
8164607
8164627
8164630
8164632
8164644
8164649
8164653
8164665
8164692
8164694
8164696
8164698
8164701
8164729
8164742
8164766
8164781
8164808
8164810
8164833
8164843
8164848
8164853
8164862
8164870
8164872
8164883
8164896
8164907
8164918
8164931
8164937
8164940
8164967
8164995
8165011
8165021
8165024
8165032
8165038
8165046
8165064
8165077
8165083
8165094
8165107
8165131
8165156
8165171
8165183
8165217
8165255
8165258
8165271
8165277
8165285
8165295
8165298
8165309
8165319
8165334
8165345
8165398
8165406
8165416
8165430
8165438
8165453
8165458
8165462
8165478
8165486
8165492
8165496
8165498
8165508
8165512
8165538
8165552
8165575
8165610
8165622
8165630
8165637
8165639
8165642
8165644
8165646
8165648
8165650
8165653
8165656
8165658
8165661
8165663
8165665
8165667
8165669
8165672
8165674
8165676
8165680
8165682
8165684
8165686
8165690
8165692
8165694
8165696
8165698
8165700
8165703
8165705
8165707
8165709
8165711
8165723
8165735
8165752
8165765
8165773
8165794
8165808
8165817
8165833
8165843
8165856
8165858
8165860
8165862
8165864
8165866
8165881
8165888
8165890
8165903
8165905
8165907
8165911
8165932
8165934
8165945
8165947
8165974
8165993
8165995
8166006
8166015
8166028
8166047
8166049
8166059
8166065
8166072
8166079
8166094
8166096
8166098
8166104
8166124
8166127
8166140
8166157
8166179
8166182
8166184
8166195
8166202
8166211
8166213
8166219
8166230
8166243
8166264
8166266
8166278
8166289
8166314
8166335
8166349
8166351
8166353
8166355
8166382
8166398
8166402
8166408
8166433
8166438
8166440
8166442
8166447
8166455
8166469
8166481
8166493
8166498
8166500
8166509
8166511
8166525
8166563
8166565
8166569
8166571
8166576
8166580
8166583
8166585
8166587
8166593
8166607
8166609
8166611
8166613
8166619
8166630
8166632
8166657
8166659
8166661
8166663
8166665
8166667
8166669
8166671
8166690
8166703
8166705
8166712
8166714
8166723
8166730
8166745
8166747
8166769
8166784
8166797
8166805
8166817
8166819
8166824
8166826
8166872
8166876
8166899
8166906
8166919
8166925
8166945
8166948
8166950
8166956
8166989
8166997
8166999
8167006
8167013
8167027
8167038
8167040
8167042
8167069
8167099
8167103
8167125
8167150
8167152
8167161
8167163
8167165
8167185
8167195
8167198
8167201
8167210
8167218
8167220
8167228
8167234
8167249
8167251
8167254
8167261
8167270
8167287
8167305
8167314
8167322
8167334
8167347
8167356
8167360
8167369
8167407
8167412
8167428
8167430
8167441
8167443
8167449
8167457
8167476
8167482
8167508
8167526
8167560
8167562
8167573
8167575
8167577
8167584
8167592
8167601
8167603
8167623
8167625
8167638
8167640
8167642
8167645
8167650
8167652
8167654
8167656
8167673
8167690
8167693
8167701
8167710
8167721
8167726
8167728
8167742
8167749
8167758
8167763
8167772
8167774
8167784
8167786
8167790
8167797
8167815
8167835
8167854
8167862
8167866
8167871
8167874
8167876
8167878
8167880
8167887
8167893
8167895
8167897
8167910
8167912
8167924
8167930
8167942
8167945
8167947
8167949
8167951
8167953
8167957
8167965
8167971
8167973
8167998
8168016
8168018
8168026
8168028
8168045
8168058
8168062
8168079
8168081
8168083
8168085
8168087
8168098
8168107
8168115
8168117
8168135
8168146
8168161
8168163
8168179
8168203
8168205
8168215
8168264
8168274
8168280
8168291
8168303
8168316
8168345
8168357
8168359
8168362
8168366
8168373
8168375
8168387
8168391
8168393
8168395
8168399
8168408
8168412
8168416
8168420
8168422
8168424
8168432
8168434
8168436
8168438
8168447
8168456
8168458
8168461
8168463
8168466
8168468
8168470
8168472
8168500
8168517
8168524
8168531
8168534
8168546
8168553
8168555
8168557
8168565
8168567
8168569
8168578
8168580
8168589
8168602
8168604
8168620
8168622
8168638
8168644
8168646
8168650
8168657
8168672
8168674
8168676
8168678
8168685
8168687
8168689
8168691
8168723
8168727
8168729
8168731
8168733
8168735
8168737
8168749
8168762
8168779
8168781
8168790
8168794
8168817
8168841
8168843
8168852
8168855
8168868
8168873
8168875
8168884
8168886
8168888
8168890
8168892
8168900
8168940
8168958
8168968
8168976
8168984
8168990
8168994
8168996
8168998
8169000
8169002
8169004
8169006
8169009
8169015
8169022
8169028
8169035
8169044
8169049
8169056
8169061
8169073
8169080
8169083
8169085
8169094
8169109
8169115
8169145
8169154
8169156
8169158
8169174
8169186
8169210
8169221
8169231
8169233
8169235
8169240
8169247
8169249
8169263
8169272
8169291
8169294
8169348
8169350
8169352
8169361
8169365
8169378
8169385
8169389
8169412
8169419
8169432
8169437
8169439
8169441
8169443
8169445
8169447
8169459
8169461
8169463
8169465
8169467
8169473
8169492
8169504
8169519
8169541
8169580
8169598
8169603
8169617
8169624
8169634
8169636
8169638
8169640
8169645
8169657
8169659
8169665
8169676
8169683
8169687
8169697
8169699
8169701
8169709
8169711
8169715
8169717
8169740
8169742
8169750
8169790
8169792
8169804
8169806
8169808
8169811
8169836
8169859
8169868
8169882
8169898
8169904
8169920
8169928
8169931
8169947
8169949
8169965
8169969
8169984
8169995
8170007
8170009
8170013
8170015
8170024
8170027
8170052
8170060
8170068
8170076
8170097
8170117
8170119
8170135
8170159
8170166
8170179
8170185
8170187
8170196
8170198
8170200
8170208
8170210
8170213
8170215
8170228
8170230
8170232
8170235
8170237
8170239
8170241
8170244
8170247
8170249
8170257
8170260
8170273
8170280
8170282
8170286
8170288
8170290
8170292
8170294
8170296
8170298
8170300
8170302
8170307
8170319
8170322
8170324
8170326
8170353
8170360
8170362
8170364
8170390
8170393
8170400
8170402
8170407
8170412
8170418
8170420
8170428
8170443
8170464
8170466
8170468
8170476
8170479
8170488
8170507
8170513
8170520
8170531
8170538
8170553
8170562
8170576
8170580
8170590
8170602
8170622
8170630
8170633
8170635
8170644
8170648
8170662
8170671
8170695
8170702
8170704
8170716
8170753
8170775
8170786
8170794
8170803
8170811
8170816
8170825
8170834
8170850
8170859
8170863
8170865
8170882
8170891
8170906
8170921
8170955
8170963
8170965
8170971
8170990
8170992
8170994
8170998
8171001
8171006
8171013
8171024
8171026
8171029
8171032
8171034
8171041
8171052
8171066
8171079
8171087
8171105
8171111
8171119
8171136
8171139
8171148
8171161
8171170
8171172
8171180
8171182
8171193
8171195
8171199
8171201
8171203
8171205
8171216
8171222
8171229
8171240
8171248
8171260
8171271
8171284
8171295
8171297
8171311
8171313
8171334
8171336
8171338
8171348
8171350
8171352
8171359
8171373
8171381
8171392
8171403
8171418
8171427
8171435
8171449
8171472
8171481
8171489
8171491
8171493
8171516
8171531
8171533
8171535
8171537
8171539
8171545
8171561
8171577
8171579
8171587
8171624
8171653
8171684
8171708
8171723
8171725
8171747
8171758
8171760
8171762
8171786
8171791
8171798
8171800
8171802
8171823
8171834
8171837
8171844
8171846
8171848
8171865
8171867
8171874
8171876
8171879
8171881
8171883
8171885
8171890
8171892
8171896
8171901
8171917
8171921
8172017
8172022
8172026
8172028
8172030
8172032
8172035
8172043
8172056
8172082
8172084
8172086
8172088
8172110
8172119
8172154
8172156
8172158
8172189
8172191
8172193
8172195
8172197
8172204
8172220
8172225
8172244
8172252
8172254
8172266
8172268
8172270
8172272
8172274
8172280
8172296
8172305
8172307
8172317
8172333
8172345
8172358
8172367
8172369
8172379
8172387
8172395
8172399
8172406
8172415
8172425
8172443
8172445
8172447
8172453
8172460
8172471
8172478
8172493
8172504
8172520
8172531
8172538
8172548
8172561
8172573
8172580
8172631
8172647
8172654
8172656
8172658
8172660
8172670
8172698
8172708
8172711
8172713
8172715
8172717
8172719
8172722
8172739
8172749
8172757
8172766
8172776
8172781
8172787
8172800
8172803
8172806
8172813
8172827
8172858
8172876
8172905
8172914
8173005
8173007
8173009
8173039
8173041
8173059
8173086
8173106
8173120
8173135
8173148
8173154
8173156
8173158
8173160
8173162
8173164
8173166
8173168
8173174
8173176
8173179
8173181
8173189
8173198
8173201
8173204
8173206
8173208
8173217
8173232
8173238
8173245
8173261
8173269
8173287
8173299
8173308
8173310
8173338
8173340
8173349
8173358
8173360
8173362
8173364
8173366
8173373
8173381
8173412
8173414
8173428
8173430
8173437
8173444
8173457
8173486
8173493
8173501
8173503
8173506
8173513
8173522
8173524
8173531
8173549
8173551
8173579
8173581
8173583
8173596
8173600
8173605
8173607
8173609
8173611
8173613
8173615
8173621
8173627
8173629
8173647
8173665
8173671
8173673
8173713
8173729
8173732
8173745
8173752
8173755
8173766
8173812
8173823
8173825
8173848
8173862
8173869
8173890
8173892
8173912
8173915
8173917
8173922
8173924
8173926
8173928
8173930
8173933
8173941
8173955
8173977
8173979
8173999
8174005
8174026
8174029
8174045
8174047
8174051
8174076
8174086
8174092
8174103
8174105
8174119
8174132
8174134
8174141
8174149
8174189
8174193
8174195
8174197
8174199
8174201
8174207
8174226
8174228
8174235
8174239
8174246
8174251
8174253
8174263
8174271
8174277
8174279
8174281
8174283
8174288
8174291
8174297
8174302
8174304
8174311
8174313
8174317
8174322
8174338
8174340
8174351
8174361
8174373
8174375
8174379
8174389
8174442
8174444
8174448
8174469
8174474
8174494
8174496
8174507
8174509
8174513
8174527
8174543
8174554
8174556
8174568
8174576
8174592
8174594
8174596
8174598
8174610
8174634
8174636
8174642
8174644
8174646
8174648
8174654
8174664
8174666
8174668
8174670
8174675
8174677
8174684
8174692
8174710
8174715
8174717
8174731
8174737
8174750
8174755
8174761
8174767
8174779
8174794
8174820
8174831
8174837
8174841
8174845
8174849
8174853
8174862
8174867
8174872
8174876
8174882
8174887
8174889
8174891
8174893
8174933
8174937
8174968
8174970
8174972
8174975
8174977
8174979
8174983
8174985
8175016
8175023
8175039
8175052
8175076
8175096
8175098
8175102
8175119
8175121
8175151
8175153
8175155
8175169
8175177
8175193
8175195
8175206
8175209
8175215
8175217
8175232
8175234
8175246
8175248
8175250
8175252
8175254
8175256
8175261
8175263
8175267
8175269
8175288
8175297
8175299
8175302
8175308
8175311
8175315
8175317
8175319
8175330
8175332
8175336
8175344
8175353
8175360
8175365
8175367
8175369
8175391
8175393
8175418
8175420
8175432
8175434
8175436
8175438
8175440
8175442
8175444
8175455
8175457
8175490
8175492
8175524
8175528
8175531
8175537
8175539
8175543
8175550
8175558
8175562
8175568
8175570
8175572
8175574
8175578
8175583
8175585
8175587
8175589
8175591
8175593
8175609
8175611
8175616
8175621
8175629
8175638
8175642
8175647
8175662
8175664
8175666
8175683
8175685
8175690
8175696
8175706
8175708
8175710
8175724
8175732
8175747
8175755
8175763
8175768
8175773
8175775
8175782
8175802
8175808
8175811
8175815
8175835
8175844
8175860
8175871
8175900
8175924
8175933
8175947
8175977
8175998
8176006
8176012
8176018
8176026
8176076
8176091
8176093
8176098
8176109
8176117
8176133
8176149
8176155
8176159
8176163
8176174
8176191
8176193
8176219
8176230
8176234
8176243
8176245
8176249
8176253
8176255
8176263
8176276
8176280
8176282
8176284
8176286
8176297
8176306
8176323
8176336
8176342
8176360
8176373
8176375
8176384
8176395
8176397
8176400
8176415
8176419
8176427
8176429
8176435
8176442
8176460
8176469
8176471
8176476
8176478
8176480
8176482
8176484
8176494
8176508
8176517
8176524
8176532
8176544
8176553
8176558
8176566
8176568
8176570
8176572
8176574
8176576
8176578
8176624
8176644
8176648
8176650
8176655
8176663
8176665
8176667
8176669
8176671
8176673
8176675
8176677
8176679
8176681
8176692
8176698
8176709
8176719
8176730
8176737
8176742
8176753
8176766
8176779
8176782
8176789
8176806
8176815
8176817
8176821
8176832
8176865
8176867
8176878
8176910
8176921
8176923
8176926
8176931
8176933
8176935
8176941
8176943
8176947
8176949
8176951
8176955
8176962
8176972
8176986
8177003
8177011
8177026
8177029
8177038
8177044
8177046
8177048
8177053
8177061
8177068
8177070
8177072
8177079
8177081
8177083
8177085
8177092
8177096
8177101
8177108
8177114
8177116
8177118
8177120
8177130
8177137
8177169
8177174
8177176
8177178
8177180
8177184
8177186
8177189
8177191
8177193
8177195
8177201
8177212
8177214
8177217
8177222
8177227
8177229
8177232
8177261
8177269
8177273
8177277
8177280
8177282
8177290
8177303
8177323
8177331
8177344
8177347
8177354
8177387
8177389
8177393
8177395
8177401
8177403
8177405
8177410
8177413
8177424
8177426
8177449
8177460
8177462
8177478
8177498
8177507
8177527
8177544
8177554
8177560
8177601
8177620
8177628
8177635
8177647
8177658
8177669
8177674
8177694
8177696
8177698
8177700
8177704
8177706
8177709
8177717
8177725
8177732
8177740
8177744
8177750
8177760
8177770
8177782
8177788
8177797
8177824
8177834
8177851
8177858
8177867
8177885
8177901
8177931
8177938
8177947
8177951
8177955
8177964
8177967
8177976
8177983
8177988
8177996
8178011
8178043
8178050
8178059
8178063
8178070
8178074
8178080
8178086
8178090
8178095
8178115
8178136
8178164
8178177
8178188
8178193
8178199
8178205
8178211
8178220
8178225
8178234
8178244
8178253
8178264
8178270
8178275
8178283
8178285
8178287
8178289
8178291
8178293
8178295
8178298
8178322
8178324
8178326
8178330
8178338
8178346
8178358
8178377
8178399
8178404
8178419
8178435
8178439
8178442
8178445
8178448
8178470
8178476
8178489
8178498
8178508
8178512
8178517
8178526
8178552
8178554
8178561
8178582
8178586
8178590
8178598
8178609
8178641
8178650
8178653
8178676
8178683
8178686
8178699
8178712
8178727
8178749
8178754
8178762
8178771
8178790
8178795
8178802
8178811
8178826
8178833
8178841
8178855
8178867
8178882
8178884
8178891
8178897
8178903
8178917
8178939
8178955
8178977
8178988
8178991
8179003
8179005
8179007
8179009
8179011
8179019
8179028
8179034
8179041
8179049
8179055
8179060
8179070
8179080
8179088
8179097
8179103
8179112
8179139
8179149
8179167
8179174
8179184
8179205
8179221
8179224
8179228
8179235
8179238
8179246
8179249
8179258
8179263
8179268
8179276
8179291
8179298
8179309
8179313
8179322
8179324
8179326
8179331
8179351
8179364
8179391
8179399
8179440
8179451
8179472
8179481
8179489
8179495
8179504
8179519
8179525
8179534
8179544
8179555
8179559
8179564
8179575
8179587
8179589
8179591
8179593
8179595
8179617
8179628
8179638
8179648
8179664
8179683
8179688
8179704
8179709
8179713
8179716
8179719
8179727
8179731
8179750
8179762
8179768
8179773
8179782
8179808
8179810
8179814
8179819
8179827
8179839
8179848
8179851
8179861
8179884
8179913
8179926
8179935
8179950
8179958
8179967
8179987
8179996
8180003
8180022
8180029
8180034
8180049
8180061
8180076
8180078
8180086
8180093
8180100
8180105
8180111
8180123
8180144
8180166
8180179
8180192
8180193
8180194
8180195
8180196
8180197
8180198
8180199
8180200
8180201
8180202
8180203
8180204
8180205
8180206
8180207
8180208
8180209
8180210
8180211
8180212
8180213
8180214
8180215
8180216
8180217
8180218
8180219
8180220
8180221
8180222
8180223
8180224
8180225
8180226
8180227
8180228
8180229
8180230
8180231
8180232
8180233
8180234
8180235
8180236
8180237
8180238
8180239
8180240
8180241
8180242
8180243
8180244
8180245
8180246
8180247
8180248
8180249
8180250
8180251
8180252
8180253
8180254
8180255
8180256
8180257
8180258
8180259
8180260
8180261
8180262
8180263
8180264
8180265
8180266
8180267
8180268
8180269
8180270
8180271
8180272
8180273
8180274
8180275
8180276
8180277
8180278
8180279
8180280
8180281
8180282
8180283
8180284
8180285
8180286
8180287
8180288
8180289
8180290
8180291
8180292
8180293
8180294
8180295
8180296
8180297
8180298
8180299
8180300
8180301
8180302
8180303
8180304
8180305
8180306
8180307
8180308
8180309
8180310
8180311
8180312
8180313
8180314
8180315
8180316
8180317
8180318
8180319
8180320
8180321
8180322
8180323
8180324
8180325
8180326
8180327
8180328
8180329
8180330
8180331
8180332
8180333
8180334
8180335
8180336
8180337
8180338
8180339
8180340
8180341
8180342
8180343
8180344
8180345
8180346
8180347
8180348
8180349
8180350
8180351
8180352
8180353
8180354
8180355
8180356
8180357
8180358
8180359
8180360
8180361
8180362
8180363
8180364
8180365
8180366
8180367
8180368
8180369
8180370
8180371
8180372
8180373
8180374
8180375
8180376
8180377
8180378
8180379
8180380
8180381
8180382
8180383
8180384
8180385
8180386
8180387
8180388
8180389
8180390
8180391
8180392
8180393
8180394
8180395
8180396
8180397
8180398
8180399
8180400
8180401
8180402
8180403
8180404
8180405
8180406
8180407
8180408
8180409
8180410
8180411
8180412
8180413
8180414
8180415
8180416
8180417
8180418
